8.808593750000000000e-01
8.925781250000000000e-01
8.740234375000000000e-01
8.574218750000000000e-01
8.730468750000000000e-01
8.710937500000000000e-01
8.642578125000000000e-01
8.808593750000000000e-01
8.593750000000000000e-01
8.779296875000000000e-01
8.574218750000000000e-01
8.535156250000000000e-01
8.857421875000000000e-01
8.769531250000000000e-01
8.779296875000000000e-01
8.779296875000000000e-01
8.828125000000000000e-01
8.828125000000000000e-01
8.662109375000000000e-01
8.906250000000000000e-01
8.837890625000000000e-01
8.691406250000000000e-01
8.740234375000000000e-01
8.847656250000000000e-01
8.701171875000000000e-01
8.642578125000000000e-01
8.984375000000000000e-01
8.808593750000000000e-01
8.691406250000000000e-01
8.632812500000000000e-01
8.847656250000000000e-01
8.671875000000000000e-01
8.681640625000000000e-01
8.740234375000000000e-01
8.623046875000000000e-01
8.857421875000000000e-01
8.789062500000000000e-01
8.662109375000000000e-01
8.847656250000000000e-01
8.583984375000000000e-01
8.691406250000000000e-01
8.671875000000000000e-01
8.828125000000000000e-01
8.886718750000000000e-01
8.769531250000000000e-01
8.935546875000000000e-01
8.613281250000000000e-01
8.437500000000000000e-01
8.730468750000000000e-01
8.818359375000000000e-01
8.759765625000000000e-01
8.603515625000000000e-01
8.847656250000000000e-01
8.789062500000000000e-01
8.945312500000000000e-01
8.896484375000000000e-01
8.964843750000000000e-01
8.955078125000000000e-01
8.789062500000000000e-01
8.876953125000000000e-01
8.916015625000000000e-01
8.769531250000000000e-01
8.720703125000000000e-01
8.535156250000000000e-01
8.964843750000000000e-01
8.808593750000000000e-01
8.906250000000000000e-01
8.759765625000000000e-01
8.750000000000000000e-01
8.818359375000000000e-01
8.798828125000000000e-01
8.896484375000000000e-01
8.916015625000000000e-01
8.789062500000000000e-01
8.925781250000000000e-01
8.994140625000000000e-01
8.828125000000000000e-01
8.730468750000000000e-01
8.896484375000000000e-01
8.906250000000000000e-01
8.876953125000000000e-01
8.828125000000000000e-01
8.642578125000000000e-01
8.623046875000000000e-01
8.837890625000000000e-01
8.701171875000000000e-01
8.984375000000000000e-01
8.886718750000000000e-01
8.955078125000000000e-01
9.052734375000000000e-01
8.857421875000000000e-01
8.906250000000000000e-01
8.886718750000000000e-01
8.916015625000000000e-01
8.886718750000000000e-01
8.652343750000000000e-01
8.916015625000000000e-01
8.857421875000000000e-01
8.837890625000000000e-01
8.857421875000000000e-01
8.857421875000000000e-01
8.652343750000000000e-01
8.925781250000000000e-01
8.896484375000000000e-01
8.916015625000000000e-01
8.750000000000000000e-01
8.964843750000000000e-01
8.652343750000000000e-01
8.632812500000000000e-01
8.701171875000000000e-01
8.730468750000000000e-01
8.759765625000000000e-01
8.574218750000000000e-01
8.808593750000000000e-01
8.837890625000000000e-01
8.867187500000000000e-01
8.652343750000000000e-01
8.740234375000000000e-01
8.681640625000000000e-01
8.642578125000000000e-01
8.740234375000000000e-01
8.769531250000000000e-01
8.642578125000000000e-01
8.808593750000000000e-01
8.720703125000000000e-01
8.798828125000000000e-01
8.613281250000000000e-01
8.730468750000000000e-01
8.740234375000000000e-01
8.710937500000000000e-01
8.828125000000000000e-01
8.720703125000000000e-01
8.818359375000000000e-01
8.789062500000000000e-01
8.759765625000000000e-01
8.847656250000000000e-01
8.857421875000000000e-01
8.427734375000000000e-01
8.808593750000000000e-01
8.984375000000000000e-01
8.837890625000000000e-01
8.681640625000000000e-01
8.720703125000000000e-01
8.779296875000000000e-01
8.818359375000000000e-01
8.798828125000000000e-01
8.730468750000000000e-01
8.671875000000000000e-01
8.798828125000000000e-01
8.564453125000000000e-01
8.876953125000000000e-01
9.003906250000000000e-01
8.759765625000000000e-01
8.847656250000000000e-01
8.652343750000000000e-01
8.652343750000000000e-01
8.818359375000000000e-01
8.691406250000000000e-01
8.759765625000000000e-01
8.730468750000000000e-01
8.730468750000000000e-01
8.544921875000000000e-01
8.779296875000000000e-01
8.857421875000000000e-01
8.652343750000000000e-01
8.750000000000000000e-01
8.662109375000000000e-01
8.847656250000000000e-01
8.837890625000000000e-01
8.759765625000000000e-01
8.906250000000000000e-01
8.759765625000000000e-01
8.701171875000000000e-01
8.691406250000000000e-01
8.779296875000000000e-01
8.798828125000000000e-01
8.740234375000000000e-01
8.818359375000000000e-01
8.642578125000000000e-01
9.003906250000000000e-01
8.896484375000000000e-01
8.789062500000000000e-01
8.876953125000000000e-01
8.828125000000000000e-01
8.925781250000000000e-01
8.964843750000000000e-01
8.818359375000000000e-01
8.759765625000000000e-01
8.681640625000000000e-01
8.798828125000000000e-01
8.876953125000000000e-01
8.701171875000000000e-01
8.759765625000000000e-01
8.935546875000000000e-01
8.847656250000000000e-01
8.759765625000000000e-01
8.828125000000000000e-01
8.769531250000000000e-01
8.505859375000000000e-01
8.798828125000000000e-01
8.750000000000000000e-01
8.740234375000000000e-01
8.818359375000000000e-01
8.720703125000000000e-01
8.710937500000000000e-01
8.779296875000000000e-01
8.886718750000000000e-01
8.769531250000000000e-01
8.876953125000000000e-01
8.769531250000000000e-01
8.867187500000000000e-01
8.974609375000000000e-01
8.886718750000000000e-01
8.857421875000000000e-01
8.857421875000000000e-01
8.730468750000000000e-01
8.808593750000000000e-01
8.984375000000000000e-01
8.759765625000000000e-01
8.876953125000000000e-01
8.681640625000000000e-01
8.837890625000000000e-01
8.750000000000000000e-01
8.847656250000000000e-01
8.789062500000000000e-01
8.720703125000000000e-01
8.583984375000000000e-01
8.730468750000000000e-01
8.808593750000000000e-01
8.623046875000000000e-01
8.759765625000000000e-01
8.837890625000000000e-01
8.789062500000000000e-01
8.808593750000000000e-01
8.662109375000000000e-01
8.857421875000000000e-01
8.798828125000000000e-01
8.818359375000000000e-01
8.730468750000000000e-01
8.759765625000000000e-01
8.837890625000000000e-01
8.720703125000000000e-01
8.828125000000000000e-01
8.925781250000000000e-01
8.867187500000000000e-01
8.916015625000000000e-01
8.916015625000000000e-01
8.857421875000000000e-01
8.847656250000000000e-01
8.691406250000000000e-01
8.984375000000000000e-01
8.681640625000000000e-01
8.720703125000000000e-01
8.750000000000000000e-01
8.710937500000000000e-01
8.681640625000000000e-01
8.750000000000000000e-01
8.759765625000000000e-01
8.798828125000000000e-01
8.779296875000000000e-01
8.769531250000000000e-01
8.916015625000000000e-01
8.955078125000000000e-01
8.808593750000000000e-01
8.837890625000000000e-01
8.789062500000000000e-01
8.906250000000000000e-01
8.945312500000000000e-01
8.701171875000000000e-01
8.916015625000000000e-01
8.828125000000000000e-01
8.925781250000000000e-01
8.886718750000000000e-01
8.671875000000000000e-01
8.779296875000000000e-01
8.818359375000000000e-01
8.701171875000000000e-01
8.857421875000000000e-01
8.808593750000000000e-01
8.837890625000000000e-01
8.671875000000000000e-01
8.681640625000000000e-01
8.437500000000000000e-01
8.798828125000000000e-01
8.701171875000000000e-01
8.632812500000000000e-01
8.710937500000000000e-01
8.740234375000000000e-01
8.300781250000000000e-01
8.935546875000000000e-01
8.730468750000000000e-01
8.720703125000000000e-01
8.769531250000000000e-01
8.808593750000000000e-01
8.798828125000000000e-01
8.847656250000000000e-01
8.798828125000000000e-01
8.808593750000000000e-01
8.789062500000000000e-01
8.818359375000000000e-01
8.779296875000000000e-01
8.671875000000000000e-01
8.730468750000000000e-01
8.847656250000000000e-01
8.710937500000000000e-01
8.652343750000000000e-01
8.691406250000000000e-01
8.515625000000000000e-01
8.281250000000000000e-01
8.798828125000000000e-01
8.759765625000000000e-01
8.750000000000000000e-01
8.740234375000000000e-01
8.867187500000000000e-01
8.759765625000000000e-01
8.759765625000000000e-01
8.867187500000000000e-01
8.896484375000000000e-01
8.759765625000000000e-01
8.818359375000000000e-01
8.691406250000000000e-01
8.828125000000000000e-01
8.779296875000000000e-01
8.701171875000000000e-01
8.681640625000000000e-01
8.740234375000000000e-01
8.583984375000000000e-01
8.847656250000000000e-01
8.828125000000000000e-01
8.525390625000000000e-01
8.681640625000000000e-01
8.310546875000000000e-01
8.769531250000000000e-01
8.603515625000000000e-01
8.583984375000000000e-01
8.769531250000000000e-01
8.847656250000000000e-01
8.681640625000000000e-01
8.916015625000000000e-01
8.808593750000000000e-01
8.681640625000000000e-01
8.740234375000000000e-01
8.574218750000000000e-01
8.837890625000000000e-01
8.740234375000000000e-01
8.779296875000000000e-01
8.974609375000000000e-01
8.984375000000000000e-01
8.867187500000000000e-01
8.876953125000000000e-01
8.808593750000000000e-01
8.828125000000000000e-01
8.906250000000000000e-01
8.847656250000000000e-01
8.867187500000000000e-01
8.798828125000000000e-01
8.798828125000000000e-01
8.886718750000000000e-01
8.906250000000000000e-01
8.886718750000000000e-01
8.867187500000000000e-01
8.789062500000000000e-01
8.896484375000000000e-01
8.701171875000000000e-01
8.740234375000000000e-01
8.876953125000000000e-01
8.935546875000000000e-01
8.818359375000000000e-01
8.945312500000000000e-01
8.994140625000000000e-01
8.935546875000000000e-01
8.896484375000000000e-01
8.876953125000000000e-01
8.564453125000000000e-01
8.710937500000000000e-01
8.789062500000000000e-01
8.652343750000000000e-01
8.613281250000000000e-01
8.593750000000000000e-01
8.906250000000000000e-01
8.701171875000000000e-01
8.574218750000000000e-01
8.759765625000000000e-01
8.945312500000000000e-01
8.994140625000000000e-01
8.876953125000000000e-01
8.945312500000000000e-01
8.798828125000000000e-01
8.720703125000000000e-01
8.876953125000000000e-01
8.808593750000000000e-01
8.916015625000000000e-01
8.750000000000000000e-01
8.779296875000000000e-01
8.564453125000000000e-01
8.769531250000000000e-01
8.867187500000000000e-01
8.710937500000000000e-01
8.759765625000000000e-01
8.740234375000000000e-01
8.789062500000000000e-01
8.613281250000000000e-01
8.964843750000000000e-01
8.994140625000000000e-01
8.515625000000000000e-01
8.896484375000000000e-01
8.916015625000000000e-01
8.925781250000000000e-01
9.072265625000000000e-01
8.876953125000000000e-01
8.955078125000000000e-01
8.994140625000000000e-01
8.857421875000000000e-01
8.837890625000000000e-01
8.857421875000000000e-01
8.828125000000000000e-01
8.847656250000000000e-01
8.837890625000000000e-01
8.974609375000000000e-01
8.779296875000000000e-01
8.886718750000000000e-01
8.828125000000000000e-01
8.564453125000000000e-01
8.837890625000000000e-01
8.857421875000000000e-01
8.925781250000000000e-01
8.916015625000000000e-01
8.730468750000000000e-01
8.681640625000000000e-01
8.847656250000000000e-01
8.906250000000000000e-01
8.964843750000000000e-01
8.876953125000000000e-01
8.916015625000000000e-01
8.750000000000000000e-01
8.808593750000000000e-01
8.925781250000000000e-01
8.750000000000000000e-01
8.857421875000000000e-01
8.984375000000000000e-01
8.916015625000000000e-01
8.916015625000000000e-01
8.925781250000000000e-01
8.896484375000000000e-01
8.896484375000000000e-01
8.916015625000000000e-01
8.740234375000000000e-01
8.916015625000000000e-01
8.984375000000000000e-01
8.828125000000000000e-01
8.701171875000000000e-01
8.847656250000000000e-01
8.681640625000000000e-01
8.798828125000000000e-01
8.769531250000000000e-01
8.759765625000000000e-01
8.681640625000000000e-01
8.808593750000000000e-01
8.789062500000000000e-01
8.925781250000000000e-01
8.974609375000000000e-01
8.984375000000000000e-01
8.476562500000000000e-01
8.847656250000000000e-01
8.789062500000000000e-01
8.759765625000000000e-01
8.730468750000000000e-01
8.593750000000000000e-01
8.828125000000000000e-01
8.583984375000000000e-01
8.779296875000000000e-01
8.691406250000000000e-01
8.730468750000000000e-01
8.652343750000000000e-01
8.759765625000000000e-01
8.203125000000000000e-01
8.886718750000000000e-01
8.798828125000000000e-01
8.925781250000000000e-01
8.867187500000000000e-01
8.818359375000000000e-01
8.916015625000000000e-01
9.042968750000000000e-01
8.779296875000000000e-01
8.720703125000000000e-01
8.398437500000000000e-01
8.535156250000000000e-01
8.662109375000000000e-01
8.876953125000000000e-01
8.671875000000000000e-01
8.808593750000000000e-01
8.710937500000000000e-01
8.769531250000000000e-01
8.759765625000000000e-01
8.515625000000000000e-01
8.593750000000000000e-01
8.349609375000000000e-01
8.818359375000000000e-01
8.623046875000000000e-01
8.925781250000000000e-01
8.681640625000000000e-01
8.710937500000000000e-01
8.720703125000000000e-01
8.457031250000000000e-01
8.867187500000000000e-01
8.867187500000000000e-01
8.652343750000000000e-01
8.769531250000000000e-01
8.320312500000000000e-01
8.681640625000000000e-01
8.544921875000000000e-01
8.349609375000000000e-01
8.642578125000000000e-01
8.876953125000000000e-01
8.447265625000000000e-01
