4.162645339965820312e-02
4.889822006225585938e-02
7.558917999267578125e-02
7.000613212585449219e-02
4.420638084411621094e-02
4.108023643493652344e-02
4.189324378967285156e-02
5.736541748046875000e-02
5.247116088867187500e-02
6.418490409851074219e-02
8.987855911254882812e-02
1.109385490417480469e-01
3.435063362121582031e-02
5.203676223754882812e-02
4.074859619140625000e-02
4.772353172302246094e-02
5.757522583007812500e-02
4.729223251342773438e-02
1.148509979248046875e-02
4.042029380798339844e-02
5.896377563476562500e-02
5.232501029968261719e-02
3.629732131958007812e-02
3.507351875305175781e-02
5.871319770812988281e-02
5.153274536132812500e-02
4.606533050537109375e-02
4.401564598083496094e-02
6.724691390991210938e-02
8.699131011962890625e-02
3.595614433288574219e-02
8.726358413696289062e-02
4.915094375610351562e-02
5.683755874633789062e-02
7.135391235351562500e-02
6.168127059936523438e-02
3.754663467407226562e-02
6.582713127136230469e-02
3.706955909729003906e-02
1.026816368103027344e-01
4.453921318054199219e-02
5.121064186096191406e-02
7.302927970886230469e-02
3.760862350463867188e-02
4.239201545715332031e-02
4.068326950073242188e-02
5.489206314086914062e-02
5.700945854187011719e-02
3.922033309936523438e-02
3.582119941711425781e-02
5.193734169006347656e-02
6.622934341430664062e-02
3.942346572875976562e-02
4.974985122680664062e-02
3.740763664245605469e-02
5.024194717407226562e-02
3.510832786560058594e-02
3.097772598266601562e-02
5.691504478454589844e-02
5.458903312683105469e-02
3.454756736755371094e-02
4.097175598144531250e-02
5.917096138000488281e-02
9.698438644409179688e-02
9.247398376464843750e-02
4.689025878906250000e-02
4.022264480590820312e-02
5.460643768310546875e-02
4.569482803344726562e-02
4.337024688720703125e-02
6.460523605346679688e-02
3.635454177856445312e-02
5.042529106140136719e-02
4.846119880676269531e-02
5.313658714294433594e-02
2.458906173706054688e-02
3.633451461791992188e-02
6.093597412109375000e-02
3.877854347229003906e-02
4.417228698730468750e-02
4.410433769226074219e-02
4.401898384094238281e-02
4.987239837646484375e-02
8.080029487609863281e-02
6.634354591369628906e-02
7.346725463867187500e-02
3.080868721008300781e-02
3.166770935058593750e-02
3.722429275512695312e-02
4.443621635437011719e-02
4.391503334045410156e-02
4.931044578552246094e-02
4.553747177124023438e-02
5.572223663330078125e-02
3.333425521850585938e-02
6.162524223327636719e-02
3.897666931152343750e-02
4.492163658142089844e-02
4.231572151184082031e-02
5.532979965209960938e-02
7.432985305786132812e-02
1.335837841033935547e-01
4.002070426940917969e-02
3.819084167480468750e-02
4.707169532775878906e-02
5.686569213867187500e-02
3.264665603637695312e-02
6.750440597534179688e-02
6.013393402099609375e-02
6.103587150573730469e-02
3.949117660522460938e-02
7.215213775634765625e-02
8.365225791931152344e-02
5.150318145751953125e-02
3.957271575927734375e-02
4.543828964233398438e-02
9.369254112243652344e-02
5.806255340576171875e-02
5.323600769042968750e-02
6.268453598022460938e-02
3.661704063415527344e-02
1.092934608459472656e-02
4.916548728942871094e-02
4.418563842773437500e-02
5.300164222717285156e-02
4.124903678894042969e-02
6.419062614440917969e-02
4.700088500976562500e-02
4.932546615600585938e-02
5.199646949768066406e-02
7.926249504089355469e-02
7.801890373229980469e-02
4.670166969299316406e-02
9.912967681884765625e-03
2.928876876831054688e-02
4.482388496398925781e-02
4.485106468200683594e-02
4.693698883056640625e-02
5.982875823974609375e-02
1.228442192077636719e-01
5.928254127502441406e-02
2.544260025024414062e-02
5.345082283020019531e-02
9.768700599670410156e-02
1.032855510711669922e-01
4.231929779052734375e-02
4.027271270751953125e-02
3.588819503784179688e-02
4.805922508239746094e-02
5.416369438171386719e-02
6.448554992675781250e-02
8.770418167114257812e-02
3.178596496582031250e-02
2.671074867248535156e-02
7.211732864379882812e-02
6.568217277526855469e-02
6.258583068847656250e-02
7.808446884155273438e-02
6.595110893249511719e-02
9.115052223205566406e-02
7.180833816528320312e-02
6.108045578002929688e-02
4.839849472045898438e-02
8.682084083557128906e-02
6.178355216979980469e-02
5.011034011840820312e-02
5.934524536132812500e-02
6.929945945739746094e-02
7.336091995239257812e-02
7.540345191955566406e-02
5.519104003906250000e-02
4.178142547607421875e-02
5.227065086364746094e-02
5.553030967712402344e-02
6.590294837951660156e-02
8.256578445434570312e-02
5.344867706298828125e-02
6.994366645812988281e-02
4.741954803466796875e-02
4.872202873229980469e-02
5.161547660827636719e-02
5.329775810241699219e-02
4.366421699523925781e-02
4.090046882629394531e-02
3.609371185302734375e-02
3.491997718811035156e-02
5.856919288635253906e-02
5.218148231506347656e-02
4.661512374877929688e-02
7.921051979064941406e-02
6.470608711242675781e-02
1.091547012329101562e-01
4.728579521179199219e-02
7.713937759399414062e-02
6.544542312622070312e-02
3.752827644348144531e-02
6.714963912963867188e-02
5.878400802612304688e-02
4.895520210266113281e-02
4.203772544860839844e-02
1.250212192535400391e-01
6.167578697204589844e-02
5.550050735473632812e-02
1.899888515472412109e-01
7.733917236328125000e-02
7.087635993957519531e-02
4.133749008178710938e-02
4.759907722473144531e-02
3.918290138244628906e-02
5.853271484375000000e-02
5.542445182800292969e-02
6.281232833862304688e-02
4.387593269348144531e-02
3.487563133239746094e-02
3.744482994079589844e-02
9.134674072265625000e-02
2.895212173461914062e-02
5.267834663391113281e-02
5.217599868774414062e-02
2.788996696472167969e-02
8.883404731750488281e-02
4.703235626220703125e-02
8.386731147766113281e-02
7.089877128601074219e-02
4.696559906005859375e-02
5.016279220581054688e-02
5.393433570861816406e-02
6.630635261535644531e-02
8.398151397705078125e-02
6.914114952087402344e-02
1.846108436584472656e-01
6.354236602783203125e-02
9.879159927368164062e-02
7.032799720764160156e-02
8.205366134643554688e-02
6.041288375854492188e-02
1.029207706451416016e-01
3.928589820861816406e-02
6.522274017333984375e-02
7.532024383544921875e-02
1.011185646057128906e-01
1.034221649169921875e-01
5.953335762023925781e-02
6.814718246459960938e-02
5.056715011596679688e-02
5.495023727416992188e-02
7.091140747070312500e-02
5.043125152587890625e-02
3.355526924133300781e-02
3.291225433349609375e-02
5.936622619628906250e-02
7.648634910583496094e-02
7.016110420227050781e-02
6.863832473754882812e-02
9.955596923828125000e-02
5.623602867126464844e-02
7.906723022460937500e-02
4.988050460815429688e-02
6.457757949829101562e-02
4.598259925842285156e-02
7.239747047424316406e-02
7.506799697875976562e-02
5.988335609436035156e-02
3.222298622131347656e-02
4.352688789367675781e-02
5.101084709167480469e-02
6.222796440124511719e-02
5.356001853942871094e-02
5.526828765869140625e-02
4.908704757690429688e-02
6.139397621154785156e-02
3.562521934509277344e-02
3.504419326782226562e-02
3.370356559753417969e-02
5.593967437744140625e-02
8.621788024902343750e-02
4.249048233032226562e-02
4.234194755554199219e-02
7.964348793029785156e-02
4.439091682434082031e-02
4.082655906677246094e-02
3.972816467285156250e-02
7.149910926818847656e-02
7.080745697021484375e-02
8.640408515930175781e-02
4.265642166137695312e-02
5.919814109802246094e-02
6.103348731994628906e-02
7.210206985473632812e-02
8.340311050415039062e-02
8.936834335327148438e-02
3.538799285888671875e-02
7.539486885070800781e-02
7.459926605224609375e-02
7.358598709106445312e-02
6.834697723388671875e-02
5.520439147949218750e-02
4.863905906677246094e-02
4.752683639526367188e-02
6.702637672424316406e-02
6.919503211975097656e-02
7.146716117858886719e-02
7.200551033020019531e-02
7.234048843383789062e-02
7.261657714843750000e-02
7.705998420715332031e-02
7.730031013488769531e-02
8.062911033630371094e-02
8.258533477783203125e-02
8.689427375793457031e-02
1.140320301055908203e-01
3.641796112060546875e-02
7.303690910339355469e-02
7.082223892211914062e-02
3.606081008911132812e-02
3.852224349975585938e-02
4.273939132690429688e-02
4.510927200317382812e-02
4.718923568725585938e-02
5.069613456726074219e-02
5.606675148010253906e-02
6.595015525817871094e-02
6.012654304504394531e-02
3.603696823120117188e-02
6.429958343505859375e-02
6.729245185852050781e-02
6.694889068603515625e-02
7.115912437438964844e-02
6.887364387512207031e-02
7.532787322998046875e-02
5.943441390991210938e-02
7.264971733093261719e-02
7.564830780029296875e-02
8.430075645446777344e-02
7.023739814758300781e-02
9.196281433105468750e-02
9.802246093750000000e-02
8.194041252136230469e-02
4.936909675598144531e-02
4.884314537048339844e-02
5.189085006713867188e-02
5.413341522216796875e-02
5.353856086730957031e-02
5.464243888854980469e-02
5.901265144348144531e-02
4.214334487915039062e-02
3.918385505676269531e-02
4.156756401062011719e-02
4.057335853576660156e-02
3.500580787658691406e-02
3.515434265136718750e-02
4.631686210632324219e-02
3.710269927978515625e-02
4.002571105957031250e-02
4.192709922790527344e-02
4.671311378479003906e-02
3.694105148315429688e-02
4.272556304931640625e-02
3.713655471801757812e-02
4.001641273498535156e-02
3.772449493408203125e-02
4.120540618896484375e-02
3.979730606079101562e-02
3.933715820312500000e-02
4.037308692932128906e-02
4.557633399963378906e-02
3.615570068359375000e-02
5.075407028198242188e-02
4.214024543762207031e-02
3.811264038085937500e-02
4.977774620056152344e-02
3.828883171081542969e-02
3.438258171081542969e-02
3.757429122924804688e-02
4.061245918273925781e-02
5.330681800842285156e-02
5.255699157714843750e-02
4.890990257263183594e-02
5.048727989196777344e-02
5.033278465270996094e-02
5.130052566528320312e-02
5.564570426940917969e-02
6.183505058288574219e-02
5.882573127746582031e-02
7.547283172607421875e-02
3.796720504760742188e-02
3.812980651855468750e-02
3.807616233825683594e-02
4.075288772583007812e-02
4.117941856384277344e-02
4.583001136779785156e-02
4.795908927917480469e-02
4.847812652587890625e-02
4.522442817687988281e-02
7.126855850219726562e-02
4.958271980285644531e-02
4.642558097839355469e-02
5.221533775329589844e-02
5.910086631774902344e-02
5.865550041198730469e-02
6.006693840026855469e-02
6.566429138183593750e-02
6.230282783508300781e-02
6.672310829162597656e-02
7.275199890136718750e-02
4.067587852478027344e-02
9.206008911132812500e-02
3.484654426574707031e-02
4.072690010070800781e-02
4.704427719116210938e-02
4.920649528503417969e-02
5.222892761230468750e-02
6.062412261962890625e-02
6.523132324218750000e-02
7.837772369384765625e-02
5.312299728393554688e-02
3.109550476074218750e-02
6.120467185974121094e-02
4.101037979125976562e-02
5.150318145751953125e-02
7.198667526245117188e-02
4.209280014038085938e-02
5.162620544433593750e-02
5.305171012878417969e-02
5.829715728759765625e-02
3.974652290344238281e-02
4.503989219665527344e-02
5.311274528503417969e-02
4.563021659851074219e-02
5.408668518066406250e-02
9.064888954162597656e-02
9.552788734436035156e-02
5.612301826477050781e-02
3.876304626464843750e-02
2.862787246704101562e-02
3.127002716064453125e-02
3.671264648437500000e-02
3.624725341796875000e-02
3.645944595336914062e-02
5.790209770202636719e-02
3.438377380371093750e-02
3.811788558959960938e-02
3.771901130676269531e-02
3.864383697509765625e-02
4.789829254150390625e-02
6.246542930603027344e-02
5.937051773071289062e-02
4.292011260986328125e-02
6.421732902526855469e-02
8.182668685913085938e-02
4.002976417541503906e-02
3.696513175964355469e-02
8.538126945495605469e-02
5.981421470642089844e-02
3.665590286254882812e-02
4.387903213500976562e-02
5.162405967712402344e-02
5.275511741638183594e-02
6.690430641174316406e-02
5.364298820495605469e-02
4.054880142211914062e-02
3.685498237609863281e-02
3.437805175781250000e-02
7.470655441284179688e-02
1.006202697753906250e-01
3.209185600280761719e-02
4.037690162658691406e-02
6.034755706787109375e-02
1.239800453186035156e-01
1.120553016662597656e-01
8.273744583129882812e-02
7.931613922119140625e-02
7.367539405822753906e-02
7.277703285217285156e-02
5.506801605224609375e-02
5.000686645507812500e-02
5.721116065979003906e-02
1.591997146606445312e-01
4.763364791870117188e-02
4.360699653625488281e-02
4.144811630249023438e-02
4.226994514465332031e-02
4.186844825744628906e-02
3.310966491699218750e-02
3.085947036743164062e-02
4.195976257324218750e-02
1.019573211669921875e-01
8.942556381225585938e-02
7.974195480346679688e-02
7.800674438476562500e-02
8.066272735595703125e-02
6.886363029479980469e-02
6.256580352783203125e-02
5.195379257202148438e-02
4.523539543151855469e-02
6.480383872985839844e-02
8.636474609375000000e-02
5.072975158691406250e-02
6.741261482238769531e-02
4.071497917175292969e-02
6.089997291564941406e-02
5.246806144714355469e-02
4.066181182861328125e-02
4.482889175415039062e-02
4.659867286682128906e-02
9.135222434997558594e-02
3.557229042053222656e-02
4.829096794128417969e-02
4.439973831176757812e-02
6.187272071838378906e-02
1.064274311065673828e-01
8.845663070678710938e-02
7.417535781860351562e-02
6.905436515808105469e-02
6.014537811279296875e-02
5.959701538085937500e-02
9.029006958007812500e-02
