7.299412915851272166e-01
7.912087912087911734e-01
8.739573679332715006e-01
8.513650151668351596e-01
7.704654895666132042e-01
7.469458987783594850e-01
7.614991482112436483e-01
8.316032295271049701e-01
7.722007722007722119e-01
8.572864321608040239e-01
8.880546075085323787e-01
9.176151761517614691e-01
6.935123042505593194e-01
7.986928104575163889e-01
7.610619469026548289e-01
7.821067821067820836e-01
8.381171067738232283e-01
7.941605839416058243e-01
4.000000000000000222e-01
7.881508078994614586e-01
8.458100558659218393e-01
7.891332470892625794e-01
6.981132075471698784e-01
7.049891540130152068e-01
8.200224971878515845e-01
7.790849673202614456e-01
7.939849624060150157e-01
7.792000000000000037e-01
8.589132507149666029e-01
8.888888888888888395e-01
7.379454926624737787e-01
8.918149466192171193e-01
7.748251748251748783e-01
8.280701754385965119e-01
8.677390527256478858e-01
8.571428571428572063e-01
7.199211045364891648e-01
8.525073746312684664e-01
7.294589178356714054e-01
8.941106484235573637e-01
7.591125198098256366e-01
7.780713342140026523e-01
8.892763731473408706e-01
7.226562500000000000e-01
7.706576728499157092e-01
7.840707964601769664e-01
7.995139732685297984e-01
7.949015063731170727e-01
7.252336448598131202e-01
7.127882599580712686e-01
7.809647979139504592e-01
8.521057786483838825e-01
7.383177570093457653e-01
7.773167358229599033e-01
7.735470941883767493e-01
7.972789115646258251e-01
7.211328976034858673e-01
6.992287917737789460e-01
8.292397660818713323e-01
8.150431565967940495e-01
7.294900221729490042e-01
7.619047619047618625e-01
8.316722037652269917e-01
8.955034832172260595e-01
9.064796259185037286e-01
7.985185185185185164e-01
7.765765765765766382e-01
8.177399756986634127e-01
7.687595712098009848e-01
7.684729064039408364e-01
8.738738738738738299e-01
7.172557172557172400e-01
8.317503392130257689e-01
7.934936350777934688e-01
8.297331639135959724e-01
6.179775280898875955e-01
7.118997912317328591e-01
8.331539289558664851e-01
7.609942638623327094e-01
7.910685805422648098e-01
7.945425361155697974e-01
7.920000000000000373e-01
7.777777777777777901e-01
8.855375096674400481e-01
8.799612778315585304e-01
8.815450643776824302e-01
7.044854881266491287e-01
6.683291770573566160e-01
7.555110220440881541e-01
8.044515103338633066e-01
7.948303715670436143e-01
8.050490883590463165e-01
7.884914463452565858e-01
8.395209580838323138e-01
7.035294117647059586e-01
8.374070138150903064e-01
7.655954631379962017e-01
7.788309636650868617e-01
7.724957555178267876e-01
8.254545454545454408e-01
8.959931798806479719e-01
9.391381608174145246e-01
7.477148080438756894e-01
7.283236994219652871e-01
7.985185185185185164e-01
8.362369337979094208e-01
6.906474820143884141e-01
8.613485280151946810e-01
8.182807399347116206e-01
8.242811501597444579e-01
7.522935779816513069e-01
8.841088674275680015e-01
8.857356235997012606e-01
8.076416337285902136e-01
7.588785046728971917e-01
7.895545314900154210e-01
8.958742632612965995e-01
8.195232690124858443e-01
8.045397225725094970e-01
8.321243523316061985e-01
6.789366053169734183e-01
7.999999999999996003e-02
7.880055788005578821e-01
7.463884430176564999e-01
8.060836501901140760e-01
7.443082311733799639e-01
8.574317492416582143e-01
7.695716395864106163e-01
7.705146036161335532e-01
7.911802853437094329e-01
8.895949166004766262e-01
8.997574777687954439e-01
7.729323308270676929e-01
0.000000000000000000e+00
6.358543417366946393e-01
7.645211930926216759e-01
7.784711388455538561e-01
7.967599410898380530e-01
8.510405257393209855e-01
9.236752552260574234e-01
8.511576626240352494e-01
6.124567474048443483e-01
8.138364779874214250e-01
8.950345694531740559e-01
9.165186500888099497e-01
7.698815566835871538e-01
7.414721723518851171e-01
6.842105263157894912e-01
7.734487734487733857e-01
7.935723114956736435e-01
8.531468531468531236e-01
8.855123674911660192e-01
6.599496221662468631e-01
6.213592233009708199e-01
8.799646954986760639e-01
8.687561214495592710e-01
8.362877997914494044e-01
8.823058446757405804e-01
8.741463414634146334e-01
8.903182125930940716e-01
8.808888888888888324e-01
8.399146211312700228e-01
7.813822284908321647e-01
8.799142244460328444e-01
8.481283422459893195e-01
8.120713305898491496e-01
8.198895027624308884e-01
8.776448942042318624e-01
8.722849695916594648e-01
8.892589508742714255e-01
8.200734394124846727e-01
7.608318890814558255e-01
8.218465539661898855e-01
8.271308523409364177e-01
8.630541871921182384e-01
8.801808590806330379e-01
8.035487959442332295e-01
8.846503178928246669e-01
7.802037845705968033e-01
8.036984352773826057e-01
7.739816031537450902e-01
8.474148802017654747e-01
7.821138211382113736e-01
7.557117750439367176e-01
7.139874739039666629e-01
6.906318082788671653e-01
8.574635241301907795e-01
8.249027237354085162e-01
7.890044576523030928e-01
8.848920863309353013e-01
8.408862034239678040e-01
9.238830667402095909e-01
7.885462555066079515e-01
8.838920686835649576e-01
8.689655172413792705e-01
7.622789783889980519e-01
8.851674641148324918e-01
8.208286674132139193e-01
8.039492242595204230e-01
7.692307692307691624e-01
9.312649164677804237e-01
8.466453674121405815e-01
8.107784431137724512e-01
9.558688323628562467e-01
8.863450531479967198e-01
8.746594005449591647e-01
7.539267015706806463e-01
7.950937950937950749e-01
7.476635514018692419e-01
8.342728297632469037e-01
8.443908323281061890e-01
8.606811145510835370e-01
7.823240589198036110e-01
7.045951859956236518e-01
7.692307692307691624e-01
9.059771658831430319e-01
5.954415954415954726e-01
8.108108108108107448e-01
8.002594033722438827e-01
6.465256797583081028e-01
9.017421602787456525e-01
7.885462555066079515e-01
8.823529411764705621e-01
8.841628959276017774e-01
7.922272047832585873e-01
8.057455540355676904e-01
8.069738480697384864e-01
8.584070796460177011e-01
8.868343195266272794e-01
8.758109360518999686e-01
9.574803149606299080e-01
8.447395301327885742e-01
9.059987631416203113e-01
8.906955736224029252e-01
9.000757002271007057e-01
8.476605005440696061e-01
9.050147492625368884e-01
7.476808905380334380e-01
8.617966436327739732e-01
8.907422852376980504e-01
9.102950030102348045e-01
9.175920514319111376e-01
8.508287292817680036e-01
8.691943127962085125e-01
7.989203778677462786e-01
8.547008547008546619e-01
8.901890189018901722e-01
8.227334235453315214e-01
7.066974595842956397e-01
6.983372921615201845e-01
8.405797101449274944e-01
8.839506172839506348e-01
9.053685168334849598e-01
8.723205964585274419e-01
9.037631091918568726e-01
8.271752085816448385e-01
8.864177918983320303e-01
7.795918367346938993e-01
8.668668668668668698e-01
7.812018489984591252e-01
8.788682581786030346e-01
8.869198312236287185e-01
8.419889502762430977e-01
6.943765281173593928e-01
7.986906710310965885e-01
8.130841121495326895e-01
8.557993730407523758e-01
8.221941992433795532e-01
8.440925700365408124e-01
8.223776223776223526e-01
8.363636363636364202e-01
7.324840764331210785e-01
7.032967032967032406e-01
7.048054919908466331e-01
8.259833134684148037e-01
8.868060562364816768e-01
7.596638655462184531e-01
7.649063032367973136e-01
8.891528107680126691e-01
7.767145135566188019e-01
7.646017699115044142e-01
7.412844036697248118e-01
8.704525288376220304e-01
8.789237668161434813e-01
8.823104693140794152e-01
7.729549248747913381e-01
8.320355951056729316e-01
8.252947481243301242e-01
8.746690203000881958e-01
8.825729244577411592e-01
8.762957843814789261e-01
7.109207708779443635e-01
8.803706823925863123e-01
8.778821520068317286e-01
8.768303186907837610e-01
8.819119025304592574e-01
8.230303030303030010e-01
8.011283497884343907e-01
7.856093979441997055e-01
8.683957732949088015e-01
8.820276497695852536e-01
8.905829596412555560e-01
8.828193832599119384e-01
8.742304309586631517e-01
8.748906386701662541e-01
8.881632653061224403e-01
8.824489795918367685e-01
8.850664581704457134e-01
8.866920152091254392e-01
8.808327351040918796e-01
8.967877830437072095e-01
7.237113402061855494e-01
8.846487424111014741e-01
8.801089918256130851e-01
7.064989517819706411e-01
7.485714285714285543e-01
7.628524046434493888e-01
7.736434108527131537e-01
7.900146842878120745e-01
8.200270635994587609e-01
8.165680473372780579e-01
8.756121449559255421e-01
8.309705561613958125e-01
7.188160676532768800e-01
8.491335372069317433e-01
8.669856459330143039e-01
8.611378977820636216e-01
8.826666666666667105e-01
8.605724838411819011e-01
8.927074601844090518e-01
8.534961154273029704e-01
8.722271517302573329e-01
8.782318598832360435e-01
8.747236551215917810e-01
8.832579185520361698e-01
8.840772818121251930e-01
8.897933625547902459e-01
8.935361216730037803e-01
8.097902097902097696e-01
7.829787234042553390e-01
8.318122555410690788e-01
8.161490683229813969e-01
7.967377666248431911e-01
8.208588957055215074e-01
8.223463687150838197e-01
7.753001715265865901e-01
7.204502814258911814e-01
7.677642980935874828e-01
7.791741472172352134e-01
7.406593406593406925e-01
7.071583514099782919e-01
7.978883861236802932e-01
7.038539553752535261e-01
7.696526508226690932e-01
7.900172117039586661e-01
7.796101949025486810e-01
7.434343434343434476e-01
7.679465776293823431e-01
7.314629258517033605e-01
7.486238532110092159e-01
7.504950495049504955e-01
7.820738137082601238e-01
7.486238532110092159e-01
7.374301675977653625e-01
7.827648114901256671e-01
7.641653905053598095e-01
6.931106471816284031e-01
8.083670715249662297e-01
7.924528301886792914e-01
7.300970873786407633e-01
8.280605226960109366e-01
7.756286266924564687e-01
7.325842696629213391e-01
6.933638443935926654e-01
7.310061601642710016e-01
7.666195190947666660e-01
7.821067821067820836e-01
7.966339410939691223e-01
7.856173677069199224e-01
7.844474761255115780e-01
7.880794701986755246e-01
8.291215403128759931e-01
8.402555910543131334e-01
8.143982002249718910e-01
8.857381150959132698e-01
7.671232876712328341e-01
7.678916827852998450e-01
7.640232108317215332e-01
7.763864042933810161e-01
7.678883071553228579e-01
7.781201848998459125e-01
8.086330935251798691e-01
7.902995720399429436e-01
8.043143297380586088e-01
8.728737690241719083e-01
8.041379310344827225e-01
7.563909774436090583e-01
8.018252933507170610e-01
8.418657565415244015e-01
8.342728297632469037e-01
8.429661941112323031e-01
8.596663395485770742e-01
8.516196447230930389e-01
8.546679499518767820e-01
8.974804517810599513e-01
8.000000000000000444e-01
8.968519758874748948e-01
7.262693156732891175e-01
7.469026548672565990e-01
7.952871870397644205e-01
8.158995815899581228e-01
8.287937743190660900e-01
8.602383531960996477e-01
8.884501480750246483e-01
8.962188254223653061e-01
8.373570520965691877e-01
6.692506459948319719e-01
8.545454545454544970e-01
7.628318584070796771e-01
7.894039735099337429e-01
8.995555555555555527e-01
7.700170357751277006e-01
8.117489986648864786e-01
8.182973316391359830e-01
7.995469988674971384e-01
7.568555758683729318e-01
7.833594976452119552e-01
8.326996197718631310e-01
7.935285053929121979e-01
7.960444993819530968e-01
8.949897048730267590e-01
9.115558424790186631e-01
8.362989323843416090e-01
7.561904761904761907e-01
6.144927536231883369e-01
6.895674300254452938e-01
7.006109979633401430e-01
7.214137214137213983e-01
7.268993839835728998e-01
8.312428734321550827e-01
7.078651685393257953e-01
7.543859649122807154e-01
7.573385518590998178e-01
7.504761904761905189e-01
8.060781476121563482e-01
8.623566214807090180e-01
8.596685082872927985e-01
7.846410684474123265e-01
8.568527918781725372e-01
9.043611323641927990e-01
7.818853974121996453e-01
7.373737373737373479e-01
8.898614150255288457e-01
8.459845984598459712e-01
7.072164948453607547e-01
7.691056910569105121e-01
8.086500655307995444e-01
7.925736235595390866e-01
8.674351585014409283e-01
8.272841051314142602e-01
7.477797513321491341e-01
7.515151515151514694e-01
7.305122494432071401e-01
9.010989010989011172e-01
8.916105327617881438e-01
6.732186732186732359e-01
7.584973166368514930e-01
8.407367280606716786e-01
9.382537385431741761e-01
9.150994089199355752e-01
9.077853363567649492e-01
8.870588235294117885e-01
8.853721129170231130e-01
8.794449262792715105e-01
8.050541516245487417e-01
7.741496598639455717e-01
8.106852497096399546e-01
9.394610557401255058e-01
7.866666666666666252e-01
7.775947281713344594e-01
7.853403141361257056e-01
7.824620573355818287e-01
7.685664939550950203e-01
6.950354609929078054e-01
7.127937336814621494e-01
7.726495726495726801e-01
9.131469363474122858e-01
8.799171842650103104e-01
8.825371965544244190e-01
8.797417271993542842e-01
9.035294117647059142e-01
8.662952646239554522e-01
8.550264550264550234e-01
7.919375812743822962e-01
7.805255023183925722e-01
8.711288711288711628e-01
8.861846814602720723e-01
7.837116154873163820e-01
8.421052631578946901e-01
7.504456327985740138e-01
8.210075026795283781e-01
8.361290322580645640e-01
7.423971377459749332e-01
7.730829420970266597e-01
7.764530551415796955e-01
8.841750841750841694e-01
7.249466950959488898e-01
8.140200286123032702e-01
7.559055118110236116e-01
8.533475026567480803e-01
8.928366762177650795e-01
8.957011980267793883e-01
8.716623600344530765e-01
8.505106778087279107e-01
8.266085059978189875e-01
8.599779492833516947e-01
8.789938817131203175e-01
