7.455968688845401315e-01
8.021978021978022344e-01
8.795180722891566827e-01
8.523761375126390760e-01
7.881219903691814022e-01
7.696335078534031204e-01
7.734241908006813659e-01
8.362168396770472967e-01
7.696267696267695690e-01
8.673366834170854744e-01
8.873720136518771229e-01
9.159891598915989031e-01
7.203579418344518981e-01
7.895424836601306895e-01
7.734513274336283217e-01
7.907647907647907815e-01
8.404133180252583157e-01
7.897810218978101870e-01
8.859437751004015649e-01
8.096947935368042915e-01
8.625698324022346153e-01
7.787839586028459937e-01
7.295597484276730160e-01
7.418655097613882088e-01
8.413948256467941311e-01
7.816993464052287566e-01
8.075187969924811915e-01
7.823999999999999844e-01
8.713060057197330455e-01
8.874551971326164468e-01
7.526205450733752800e-01
8.925266903914590433e-01
7.720279720279720204e-01
8.339181286549707250e-01
8.766756032171582058e-01
8.625134264232008352e-01
7.534516765285995676e-01
8.652900688298919007e-01
7.635270541082164186e-01
8.911362284354551466e-01
7.717908082408875270e-01
7.780713342140026523e-01
8.884045335658239395e-01
7.792968750000000000e-01
7.774030354131534759e-01
8.053097345132743667e-01
7.946537059538274494e-01
7.949015063731170727e-01
7.495327102803738262e-01
7.421383647798742711e-01
7.887874837027379904e-01
8.667972575905974475e-01
7.719626168224299478e-01
7.911479944674965070e-01
7.915831663326653445e-01
8.068027210884354261e-01
7.450980392156862919e-01
6.889460154241644485e-01
8.245614035087719396e-01
8.125770653514179376e-01
7.472283813747229164e-01
7.671957671957672087e-01
8.394241417497231295e-01
8.942368587713742656e-01
9.078156312625250690e-01
8.000000000000000444e-01
7.945945945945945832e-01
8.165249088699878532e-01
7.656967840735069419e-01
7.733990147783251778e-01
8.838838838838838363e-01
7.650727650727651152e-01
8.263229308005427542e-01
7.949080622347949321e-01
8.221092757306226462e-01
6.142322097378276613e-01
7.390396659707724192e-01
8.536060279870828493e-01
7.743785850860420705e-01
8.038277511961722244e-01
8.057784911717496001e-01
8.095999999999999863e-01
7.846364883401920620e-01
8.824439288476411125e-01
8.848015488867376765e-01
8.841201716738197325e-01
6.965699208443272283e-01
6.857855361596010280e-01
7.755511022044088154e-01
8.187599364069952923e-01
8.093699515347334561e-01
8.092566619915848580e-01
8.242612752721617531e-01
8.514970059880239139e-01
6.941176470588235059e-01
8.448459086078640157e-01
7.826086956521739468e-01
7.883096366508688391e-01
7.894736842105263275e-01
8.206060606060605611e-01
8.951406649616368005e-01
9.431363838294091195e-01
8.025594149908592545e-01
7.822736030828516540e-01
8.044444444444444065e-01
8.269454123112659483e-01
6.642685851318944623e-01
8.708452041785375020e-01
8.258977149075081847e-01
8.487752928647497308e-01
7.596330275229357110e-01
8.911325724319578701e-01
8.834951456310680129e-01
8.050065876152832089e-01
7.775700934579439227e-01
7.818740399385560869e-01
8.939096267190569378e-01
8.399545970488081492e-01
8.007566204287515088e-01
8.538860103626942921e-01
7.239263803680981990e-01
7.949790794979079145e-01
7.688603531300159943e-01
7.984790874524714255e-01
7.618213660245183316e-01
8.736097067745196565e-01
7.666174298375184604e-01
7.788595271210013715e-01
7.872892347600518592e-01
8.895949166004766262e-01
8.973322554567502163e-01
7.684210526315788936e-01
6.358543417366946393e-01
7.786499215070643576e-01
7.925117004680186650e-01
8.041237113402062153e-01
8.674698795180723065e-01
9.251336898395722264e-01
8.555678059536935276e-01
6.366782006920415071e-01
7.974842767295597934e-01
8.950345694531740559e-01
9.171107164002367806e-01
7.817258883248731083e-01
7.648114901256732878e-01
7.305263157894736903e-01
7.777777777777777901e-01
7.873918417799752323e-01
8.761238761238760997e-01
8.848056537102473307e-01
6.473551637279597593e-01
6.504854368932038167e-01
8.852603706972639319e-01
8.824681684622919242e-01
8.540145985401459416e-01
8.807045636509207576e-01
8.800000000000000044e-01
8.876100203114420939e-01
8.835555555555555385e-01
8.601921024546425043e-01
7.771509167842031163e-01
8.784846318799142129e-01
8.545454545454544970e-01
8.134430727023319596e-01
8.419889502762430977e-01
8.840846366145354018e-01
8.783666377063422681e-01
8.892589508742714255e-01
8.212974296205630687e-01
7.902946273830155910e-01
8.218465539661898855e-01
8.331332533013204866e-01
8.620689655172413257e-01
8.786737000753579441e-01
7.997465145754119042e-01
8.828337874659401008e-01
7.933042212518195413e-01
8.051209103840683001e-01
7.713534822601839647e-01
8.549810844892812289e-01
8.016260162601626105e-01
7.838312829525483361e-01
7.515657620041753528e-01
7.516339869281045694e-01
8.731762065095398651e-01
8.313878080415044725e-01
8.053491827637444533e-01
8.880895283772981541e-01
8.600201409869083768e-01
9.233314947600661515e-01
7.944199706314243326e-01
8.814390842191333064e-01
8.748768472906404137e-01
7.956777996070727443e-01
8.851674641148324918e-01
8.376259798432250658e-01
8.081805359661494714e-01
7.760683760683760868e-01
9.284009546539379043e-01
8.519701810436635103e-01
8.203592814371257758e-01
9.540300337113085671e-01
8.887980376124284820e-01
8.773841961852860694e-01
7.661431064572425953e-01
7.936507936507937178e-01
7.700934579439252525e-01
8.466741826381060099e-01
8.359469240048250649e-01
8.689370485036119751e-01
7.855973813420622509e-01
7.330415754923413907e-01
7.712031558185403757e-01
9.019476158495635110e-01
6.153846153846154188e-01
8.082368082368082129e-01
7.976653696498055002e-01
6.706948640483383350e-01
9.010452961672473782e-01
8.032305433186490706e-01
8.912881608339537909e-01
8.995475113122172184e-01
7.937219730941703633e-01
8.071135430916552833e-01
7.982565379825653507e-01
8.682399213372664626e-01
8.897928994082839882e-01
8.767377201112140916e-01
9.555905511811023656e-01
8.559754851889682659e-01
8.998144712430427017e-01
8.943089430894308745e-01
9.000757002271007057e-01
8.498367791077258149e-01
9.026548672566371279e-01
7.773654916512059421e-01
8.726554787759130960e-01
8.949124270225187194e-01
9.066827212522576840e-01
9.158386908240794266e-01
8.563535911602210282e-01
8.729857819905213479e-01
8.124156545209176850e-01
8.485958485958485786e-01
8.955895589558955372e-01
8.186738836265223807e-01
6.951501154734411880e-01
6.864608076009501847e-01
8.639910813823856728e-01
8.806584362139917577e-01
9.099181073703366263e-01
8.741845293569431297e-01
9.019123997532387804e-01
8.247914183551847689e-01
8.848292295472597324e-01
7.863945578231292810e-01
8.738738738738738299e-01
7.858243451463791107e-01
8.894783377541998215e-01
8.894514767932489852e-01
8.607734806629834257e-01
6.650366748166258724e-01
8.052373158756137572e-01
8.064085447263017459e-01
8.652037617554858562e-01
8.209331651954603348e-01
8.294762484774664824e-01
8.097902097902097696e-01
8.545454545454544970e-01
7.600849256900212847e-01
7.516483516483516425e-01
7.254004576659038861e-01
8.188319427890345947e-01
8.868060562364816768e-01
7.714285714285714635e-01
7.921635434412266363e-01
8.883610451306412914e-01
7.703349282296650946e-01
7.752212389380530588e-01
7.761467889908256756e-01
8.784383318544809471e-01
8.816143497757847891e-01
8.837545126353790748e-01
7.779632721202003331e-01
8.487208008898776690e-01
8.381564844587352514e-01
8.799646954986760639e-01
8.840688107703814635e-01
8.756046993780235432e-01
7.473233404710920569e-01
8.845829823083403154e-01
8.804440649017932774e-01
8.828596037898363003e-01
8.865979381443298557e-01
8.290909090909091006e-01
8.011283497884343907e-01
7.914831130690160865e-01
8.818443804034582501e-01
8.857142857142856762e-01
8.869955156950672936e-01
8.845814977973568416e-01
8.768689533861038221e-01
8.801399825021871681e-01
8.946938775510203667e-01
8.832653061224490232e-01
8.889757623143080822e-01
8.935361216730037803e-01
8.793969849246231485e-01
8.957345971563981379e-01
7.463917525773196004e-01
8.872506504770164559e-01
8.837420526793824394e-01
7.169811320754717610e-01
7.866666666666666252e-01
7.728026533996683600e-01
7.829457364341085857e-01
7.944199706314243326e-01
8.200270635994587609e-01
8.224852071005916976e-01
8.775710088148873655e-01
8.396946564885496844e-01
7.505285412262157063e-01
8.654434250764526659e-01
8.669856459330143039e-01
8.717454194792670918e-01
8.826666666666667105e-01
8.707294552169898560e-01
8.910310142497904762e-01
8.623751387347391439e-01
8.748890860692102311e-01
8.798999165971642666e-01
8.769344141488577549e-01
8.823529411764705621e-01
8.887408394403730760e-01
8.841577958672510729e-01
8.958174904942965977e-01
7.986013986013985599e-01
7.900709219858156329e-01
8.448500651890482605e-01
8.149068322981366519e-01
7.892095357590965810e-01
7.950920245398772623e-01
8.346368715083798406e-01
7.941680960548884727e-01
7.467166979362100943e-01
7.902946273830155910e-01
8.007181328545780463e-01
7.626373626373625925e-01
7.353579175704989535e-01
8.099547511312217285e-01
7.505070993914807476e-01
7.769652650822669315e-01
7.969018932874354366e-01
7.976011994002998318e-01
7.757575757575757569e-01
7.813021702838063298e-01
7.474949899799598896e-01
7.908256880733944838e-01
7.702970297029703151e-01
7.855887521968365483e-01
7.853211009174312363e-01
7.560521415270018419e-01
7.935368043087971390e-01
7.672281776416538523e-01
7.348643006263048116e-01
8.097165991902833815e-01
7.993138936535162387e-01
7.631067961165048930e-01
8.198074277854194847e-01
8.065764023210831857e-01
7.235955056179774747e-01
7.139588100686498073e-01
7.720739219712525747e-01
7.722772277227722970e-01
7.792207792207792583e-01
7.924263674614305808e-01
7.896879240162821834e-01
7.762619372442018939e-01
7.827814569536424294e-01
8.399518652226233284e-01
8.370607028753993539e-01
8.166479190101236796e-01
8.924103419516263846e-01
7.945205479452055464e-01
8.027079303675048738e-01
7.775628626692456802e-01
7.978533094812164661e-01
7.748691099476440192e-01
7.904468412942988742e-01
8.071942446043165464e-01
7.988587731811698234e-01
8.243451463790446576e-01
8.836168307967771085e-01
7.903448275862068328e-01
7.624060150375939759e-01
8.031290743155150569e-01
8.509670079635950346e-01
8.387824126268319525e-01
8.571428571428572063e-01
8.704612365063788548e-01
8.589341692789969063e-01
8.642925890279113954e-01
9.026933101650738145e-01
8.126126126126126392e-01
8.988613529805760116e-01
7.439293598233995830e-01
7.681415929203539994e-01
8.011782032400589504e-01
8.242677824267782283e-01
8.313878080415044725e-01
8.721560130010834744e-01
8.993089832181638821e-01
8.954143201930813145e-01
8.284625158831003811e-01
6.640826873385012874e-01
8.652406417112299408e-01
7.893805309734512887e-01
8.013245033112582627e-01
9.048888888888888538e-01
7.785349233390119750e-01
8.157543391188251114e-01
8.119440914866582482e-01
8.074745186862967161e-01
7.678244972577696892e-01
7.943485086342229051e-01
8.276299112801013269e-01
7.966101694915254106e-01
7.948084054388133701e-01
8.936170212765957022e-01
9.076823757262749703e-01
8.410438908659549906e-01
7.923809523809524080e-01
6.463768115942029047e-01
6.844783715012723313e-01
7.474541751527494782e-01
7.609147609147608460e-01
7.659137577002053110e-01
8.323831242873431790e-01
7.213483146067416474e-01
7.972709551656920191e-01
7.690802348336595040e-01
7.923809523809524080e-01
8.147612156295224173e-01
8.842544316996872045e-01
8.640883977900553070e-01
8.013355592654424209e-01
8.720812182741116692e-01
9.066564651874522429e-01
8.077634011090573107e-01
7.494949494949494362e-01
8.891320204230488411e-01
8.547854785478548045e-01
7.340206185567010877e-01
7.902439024390244260e-01
8.007863695937090798e-01
7.951344430217669457e-01
8.770413064361191058e-01
8.210262828535669355e-01
7.619893428063942986e-01
7.858585858585858119e-01
7.416481069042315522e-01
9.036348267117497723e-01
8.897734231475811217e-01
6.683046683046682812e-01
7.728085867620750893e-01
8.515709642470206120e-01
9.353593825373853754e-01
9.140247178936056205e-01
9.062736205593348027e-01
8.909803921568627549e-01
8.913601368691188576e-01
8.837814397224631469e-01
8.050541516245487417e-01
7.768707482993197910e-01
8.211382113821138473e-01
9.398301956441491578e-01
8.074074074074073515e-01
7.907742998352553787e-01
7.975567190226875436e-01
7.942664418212479482e-01
7.858376511226252692e-01
7.021276595744680993e-01
7.232375979112271036e-01
7.846153846153846034e-01
9.101725163593099577e-01
8.806073153899240946e-01
8.848864526233359840e-01
8.853914447134786370e-01
9.027450980392156543e-01
8.774373259052924423e-01
8.592592592592592782e-01
7.958387516254876726e-01
7.820710973724884774e-01
8.801198801198800714e-01
8.869005010737294192e-01
7.863818424566088039e-01
8.459330143540669811e-01
7.754010695187165680e-01
8.435155412647373785e-01
8.387096774193548709e-01
7.638640429338103832e-01
7.777777777777777901e-01
7.809239940387481260e-01
8.861952861952862026e-01
7.547974413646055813e-01
8.226037195994277962e-01
7.716535433070865757e-01
8.629117959617428335e-01
8.957020057306590566e-01
8.985200845665961555e-01
8.785529715762273595e-01
8.523676880222841312e-01
8.429661941112323031e-01
8.665931642778390565e-01
8.810333106730116048e-01
