4.501557350158691406e-02
5.373883247375488281e-02
8.408904075622558594e-02
7.713842391967773438e-02
5.224132537841796875e-02
4.909944534301757812e-02
5.011606216430664062e-02
6.922340393066406250e-02
6.313300132751464844e-02
7.758784294128417969e-02
1.097061634063720703e-01
1.362762451171875000e-01
4.059505462646484375e-02
6.192564964294433594e-02
4.858279228210449219e-02
5.631756782531738281e-02
6.953406333923339844e-02
5.635499954223632812e-02
1.290988922119140625e-02
4.805564880371093750e-02
7.143139839172363281e-02
6.261920928955078125e-02
4.255747795104980469e-02
4.135370254516601562e-02
7.079482078552246094e-02
6.268978118896484375e-02
5.598473548889160156e-02
5.289196968078613281e-02
8.195185661315917969e-02
1.048567295074462891e-01
4.225444793701171875e-02
1.064653396606445312e-01
5.882954597473144531e-02
6.884813308715820312e-02
8.665680885314941406e-02
7.327342033386230469e-02
4.456806182861328125e-02
7.920718193054199219e-02
4.420828819274902344e-02
1.243212223052978516e-01
5.285668373107910156e-02
6.146574020385742188e-02
8.859682083129882812e-02
4.459738731384277344e-02
5.058979988098144531e-02
4.875230789184570312e-02
6.594276428222656250e-02
6.899690628051757812e-02
4.628252983093261719e-02
4.241967201232910156e-02
6.415796279907226562e-02
8.005714416503906250e-02
4.660844802856445312e-02
6.007313728332519531e-02
4.460573196411132812e-02
6.181859970092773438e-02
4.130816459655761719e-02
3.665685653686523438e-02
6.855893135070800781e-02
6.605577468872070312e-02
4.103493690490722656e-02
4.866480827331542969e-02
7.139801979064941406e-02
1.178336143493652344e-01
1.121196746826171875e-01
5.543136596679687500e-02
4.766058921813964844e-02
6.534957885742187500e-02
5.407404899597167969e-02
5.088901519775390625e-02
7.705307006835937500e-02
4.225516319274902344e-02
5.965995788574218750e-02
5.765676498413085938e-02
6.340551376342773438e-02
2.796936035156250000e-02
4.236650466918945312e-02
7.304811477661132812e-02
4.530692100524902344e-02
5.240321159362792969e-02
5.224776268005371094e-02
5.229830741882324219e-02
5.980730056762695312e-02
9.724068641662597656e-02
7.980108261108398438e-02
8.907413482666015625e-02
3.568482398986816406e-02
3.694796562194824219e-02
4.382991790771484375e-02
5.296564102172851562e-02
5.229187011718750000e-02
5.836915969848632812e-02
5.375266075134277344e-02
6.719207763671875000e-02
3.897881507873535156e-02
7.407379150390625000e-02
4.609322547912597656e-02
5.276441574096679688e-02
5.039763450622558594e-02
6.637811660766601562e-02
9.104561805725097656e-02
1.627833843231201172e-01
4.715609550476074219e-02
4.498767852783203125e-02
5.555033683776855469e-02
6.825900077819824219e-02
3.830909729003906250e-02
8.097314834594726562e-02
7.271051406860351562e-02
7.356452941894531250e-02
4.688239097595214844e-02
8.715367317199707031e-02
1.020548343658447266e-01
6.188535690307617188e-02
4.610133171081542969e-02
5.380487442016601562e-02
1.134860515594482422e-01
7.049250602722167969e-02
6.400132179260253906e-02
7.601690292358398438e-02
4.300022125244140625e-02
5.928516387939453125e-02
5.257511138916015625e-02
6.376862525939941406e-02
4.876470565795898438e-02
7.692313194274902344e-02
5.603957176208496094e-02
5.860400199890136719e-02
6.209611892700195312e-02
9.519767761230468750e-02
9.403133392333984375e-02
5.544519424438476562e-02
3.392338752746582031e-02
5.279397964477539062e-02
5.357670783996582031e-02
5.587100982666015625e-02
7.186102867126464844e-02
1.494979858398437500e-01
7.160234451293945312e-02
2.944827079772949219e-02
6.353092193603515625e-02
1.188447475433349609e-01
1.254332065582275391e-01
4.991316795349121094e-02
4.763412475585937500e-02
4.192733764648437500e-02
5.706048011779785156e-02
6.483149528503417969e-02
7.768940925598144531e-02
1.075613498687744141e-01
3.656554222106933594e-02
3.081798553466796875e-02
8.659005165100097656e-02
7.908082008361816406e-02
7.569050788879394531e-02
9.510731697082519531e-02
7.906913757324218750e-02
1.106426715850830078e-01
8.614230155944824219e-02
7.323980331420898438e-02
5.773758888244628906e-02
1.056470870971679688e-01
7.301521301269531250e-02
5.865240097045898438e-02
7.119154930114746094e-02
8.392548561096191406e-02
8.835005760192871094e-02
9.186792373657226562e-02
6.545138359069824219e-02
4.903697967529296875e-02
6.207871437072753906e-02
6.680154800415039062e-02
7.852888107299804688e-02
9.930491447448730469e-02
6.420588493347167969e-02
8.562064170837402344e-02
5.597758293151855469e-02
5.733633041381835938e-02
6.158471107482910156e-02
6.351661682128906250e-02
5.188369750976562500e-02
4.800510406494140625e-02
4.223299026489257812e-02
4.083395004272460938e-02
7.048130035400390625e-02
6.238269805908203125e-02
5.510592460632324219e-02
9.509348869323730469e-02
7.731723785400390625e-02
1.341300010681152344e-01
5.653619766235351562e-02
9.296822547912597656e-02
7.856941223144531250e-02
4.455018043518066406e-02
8.060383796691894531e-02
7.052254676818847656e-02
5.839824676513671875e-02
4.937314987182617188e-02
1.533701419830322266e-01
7.381725311279296875e-02
6.734466552734375000e-02
2.313771247863769531e-01
9.304308891296386719e-02
8.454084396362304688e-02
4.901170730590820312e-02
5.728578567504882812e-02
4.668736457824707031e-02
7.069277763366699219e-02
6.593561172485351562e-02
7.605838775634765625e-02
5.146479606628417969e-02
4.129600524902343750e-02
4.453039169311523438e-02
1.117789745330810547e-01
3.349113464355468750e-02
6.223464012145996094e-02
6.306123733520507812e-02
3.242731094360351562e-02
1.083531379699707031e-01
5.612325668334960938e-02
1.014564037322998047e-01
8.459424972534179688e-02
5.518150329589843750e-02
5.896472930908203125e-02
6.447386741638183594e-02
7.966208457946777344e-02
1.021246910095214844e-01
8.341670036315917969e-02
2.272894382476806641e-01
7.649564743041992188e-02
1.197230815887451172e-01
8.518671989440917969e-02
1.003522872924804688e-01
7.265973091125488281e-02
1.249425411224365234e-01
4.652976989746093750e-02
7.858419418334960938e-02
9.114742279052734375e-02
1.238310337066650391e-01
1.257820129394531250e-01
7.182455062866210938e-02
8.159995079040527344e-02
6.051015853881835938e-02
6.533646583557128906e-02
8.507657051086425781e-02
6.021380424499511719e-02
3.916478157043457031e-02
3.825354576110839844e-02
6.994366645812988281e-02
9.269165992736816406e-02
8.496642112731933594e-02
8.273172378540039062e-02
1.216742992401123047e-01
6.643462181091308594e-02
9.559035301208496094e-02
5.953812599182128906e-02
7.742381095886230469e-02
5.427622795104980469e-02
8.630394935607910156e-02
9.080338478088378906e-02
7.107710838317871094e-02
3.745532035827636719e-02
5.113720893859863281e-02
6.032419204711914062e-02
7.466411590576171875e-02
6.362342834472656250e-02
6.541776657104492188e-02
5.834197998046875000e-02
7.337427139282226562e-02
4.215693473815917969e-02
4.057359695434570312e-02
3.938627243041992188e-02
6.693649291992187500e-02
1.037206649780273438e-01
5.005192756652832031e-02
4.978847503662109375e-02
9.564852714538574219e-02
5.263280868530273438e-02
4.817795753479003906e-02
4.714441299438476562e-02
8.608293533325195312e-02
8.553099632263183594e-02
1.046953201293945312e-01
5.035328865051269531e-02
7.143950462341308594e-02
7.413172721862792969e-02
8.675765991210937500e-02
9.991025924682617188e-02
1.091442108154296875e-01
4.132103919982910156e-02
9.004092216491699219e-02
8.983564376831054688e-02
8.935785293579101562e-02
8.302235603332519531e-02
6.569242477416992188e-02
5.796837806701660156e-02
5.608725547790527344e-02
8.061552047729492188e-02
8.406805992126464844e-02
8.577513694763183594e-02
8.769011497497558594e-02
8.743119239807128906e-02
8.723783493041992188e-02
9.292507171630859375e-02
9.296751022338867188e-02
9.725618362426757812e-02
9.978365898132324219e-02
1.041829586029052734e-01
1.398601531982421875e-01
4.315686225891113281e-02
8.829808235168457031e-02
8.408856391906738281e-02
4.182529449462890625e-02
4.538774490356445312e-02
5.087614059448242188e-02
5.377030372619628906e-02
5.621170997619628906e-02
6.073594093322753906e-02
6.741547584533691406e-02
7.904887199401855469e-02
7.221961021423339844e-02
4.143786430358886719e-02
7.617926597595214844e-02
8.136963844299316406e-02
7.974553108215332031e-02
8.590555191040039062e-02
8.345675468444824219e-02
9.020709991455078125e-02
7.152271270751953125e-02
8.701562881469726562e-02
9.151101112365722656e-02
1.029698848724365234e-01
8.488273620605468750e-02
1.124770641326904297e-01
1.180315017700195312e-01
9.880638122558593750e-02
5.869436264038085938e-02
5.807399749755859375e-02
6.204843521118164062e-02
6.462407112121582031e-02
6.417798995971679688e-02
6.559181213378906250e-02
7.149553298950195312e-02
5.006861686706542969e-02
4.612660408020019531e-02
4.908347129821777344e-02
4.794073104858398438e-02
4.137802124023437500e-02
4.137277603149414062e-02
5.512475967407226562e-02
4.388499259948730469e-02
4.723501205444335938e-02
4.979228973388671875e-02
5.588054656982421875e-02
4.391503334045410156e-02
5.119276046752929688e-02
4.382109642028808594e-02
4.741048812866210938e-02
4.411482810974121094e-02
4.882812500000000000e-02
4.687428474426269531e-02
4.630684852600097656e-02
4.777789115905761719e-02
5.442643165588378906e-02
4.222512245178222656e-02
6.051683425903320312e-02
5.001950263977050781e-02
4.532718658447265625e-02
5.959630012512207031e-02
4.521965980529785156e-02
4.026794433593750000e-02
3.982996940612792969e-02
4.318284988403320312e-02
5.800032615661621094e-02
5.720019340515136719e-02
5.891609191894531250e-02
6.012821197509765625e-02
5.970048904418945312e-02
6.122589111328125000e-02
6.709480285644531250e-02
7.368040084838867188e-02
7.128357887268066406e-02
9.170651435852050781e-02
4.487586021423339844e-02
4.557824134826660156e-02
4.503464698791503906e-02
4.824471473693847656e-02
4.903984069824218750e-02
5.448007583618164062e-02
5.768251419067382812e-02
5.825662612915039062e-02
5.455946922302246094e-02
8.635950088500976562e-02
5.900716781616210938e-02
5.523633956909179688e-02
6.225061416625976562e-02
6.916236877441406250e-02
6.975054740905761719e-02
7.217335700988769531e-02
7.911086082458496094e-02
7.518792152404785156e-02
7.980060577392578125e-02
8.780527114868164062e-02
4.747176170349121094e-02
1.127467155456542969e-01
4.100370407104492188e-02
4.843497276306152344e-02
5.642676353454589844e-02
5.905628204345703125e-02
6.273055076599121094e-02
7.349562644958496094e-02
7.878160476684570312e-02
9.476089477539062500e-02
6.408810615539550781e-02
3.624224662780761719e-02
7.386279106140136719e-02
4.861855506896972656e-02
6.107950210571289062e-02
8.630323410034179688e-02
5.001807212829589844e-02
6.055760383605957031e-02
6.383109092712402344e-02
6.967782974243164062e-02
4.725646972656250000e-02
5.277872085571289062e-02
6.364130973815917969e-02
5.415678024291992188e-02
6.544804573059082031e-02
1.088731288909912109e-01
1.162977218627929688e-01
6.745529174804687500e-02
4.526138305664062500e-02
3.313565254211425781e-02
3.641772270202636719e-02
4.298853874206542969e-02
4.245615005493164062e-02
4.287815093994140625e-02
6.906628608703613281e-02
4.001474380493164062e-02
4.502820968627929688e-02
4.465770721435546875e-02
4.581761360168457031e-02
5.684709548950195312e-02
7.450747489929199219e-02
7.029366493225097656e-02
5.057477951049804688e-02
7.631444931030273438e-02
9.894919395446777344e-02
4.655432701110839844e-02
4.340291023254394531e-02
1.035749912261962891e-01
7.109212875366210938e-02
4.278516769409179688e-02
5.103325843811035156e-02
6.161427497863769531e-02
6.278800964355468750e-02
8.090949058532714844e-02
6.390309333801269531e-02
4.832553863525390625e-02
4.347586631774902344e-02
4.046964645385742188e-02
9.063172340393066406e-02
1.207304000854492188e-01
3.762650489807128906e-02
4.795527458190917969e-02
7.262897491455078125e-02
1.506509780883789062e-01
1.363768577575683594e-01
9.976434707641601562e-02
9.610080718994140625e-02
8.911085128784179688e-02
8.754229545593261719e-02
6.625962257385253906e-02
5.957245826721191406e-02
6.840419769287109375e-02
1.960728168487548828e-01
5.626893043518066406e-02
5.095100402832031250e-02
4.869079589843750000e-02
4.988551139831542969e-02
4.921603202819824219e-02
3.839111328125000000e-02
3.588509559631347656e-02
4.940223693847656250e-02
1.234567165374755859e-01
1.092081069946289062e-01
9.583401679992675781e-02
9.370422363281250000e-02
9.629940986633300781e-02
8.394026756286621094e-02
7.406401634216308594e-02
6.227016448974609375e-02
5.382680892944335938e-02
7.808136940002441406e-02
1.042377948760986328e-01
6.046986579895019531e-02
8.057999610900878906e-02
4.762363433837890625e-02
7.315516471862792969e-02
6.288909912109375000e-02
4.797792434692382812e-02
5.357098579406738281e-02
5.576229095458984375e-02
1.120343208312988281e-01
4.168105125427246094e-02
5.772042274475097656e-02
5.288672447204589844e-02
7.330298423767089844e-02
1.285805702209472656e-01
1.076295375823974609e-01
8.825731277465820312e-02
8.276343345642089844e-02
7.214045524597167969e-02
7.083487510681152344e-02
1.092841625213623047e-01
