5.110000000000000000e+02
6.370000000000000000e+02
1.079000000000000000e+03
9.890000000000000000e+02
6.230000000000000000e+02
5.730000000000000000e+02
5.870000000000000000e+02
8.670000000000000000e+02
7.770000000000000000e+02
9.950000000000000000e+02
1.465000000000000000e+03
1.845000000000000000e+03
4.470000000000000000e+02
7.650000000000000000e+02
5.650000000000000000e+02
6.930000000000000000e+02
8.710000000000000000e+02
6.850000000000000000e+02
1.245000000000000000e+03
5.570000000000000000e+02
8.950000000000000000e+02
7.730000000000000000e+02
4.770000000000000000e+02
4.610000000000000000e+02
8.890000000000000000e+02
7.650000000000000000e+02
6.650000000000000000e+02
6.250000000000000000e+02
1.049000000000000000e+03
1.395000000000000000e+03
4.770000000000000000e+02
1.405000000000000000e+03
7.150000000000000000e+02
8.550000000000000000e+02
1.119000000000000000e+03
9.310000000000000000e+02
5.070000000000000000e+02
1.017000000000000000e+03
4.990000000000000000e+02
1.681000000000000000e+03
6.310000000000000000e+02
7.570000000000000000e+02
1.147000000000000000e+03
5.120000000000000000e+02
5.930000000000000000e+02
5.650000000000000000e+02
8.230000000000000000e+02
8.630000000000000000e+02
5.350000000000000000e+02
4.770000000000000000e+02
7.670000000000000000e+02
1.021000000000000000e+03
5.350000000000000000e+02
7.230000000000000000e+02
4.990000000000000000e+02
7.350000000000000000e+02
4.590000000000000000e+02
3.890000000000000000e+02
8.550000000000000000e+02
8.110000000000000000e+02
4.510000000000000000e+02
5.670000000000000000e+02
9.030000000000000000e+02
1.579000000000000000e+03
1.497000000000000000e+03
6.750000000000000000e+02
5.550000000000000000e+02
8.230000000000000000e+02
6.530000000000000000e+02
6.090000000000000000e+02
9.990000000000000000e+02
4.810000000000000000e+02
7.370000000000000000e+02
7.070000000000000000e+02
7.870000000000000000e+02
2.670000000000000000e+02
4.790000000000000000e+02
9.290000000000000000e+02
5.230000000000000000e+02
6.270000000000000000e+02
6.230000000000000000e+02
6.250000000000000000e+02
7.290000000000000000e+02
1.293000000000000000e+03
1.033000000000000000e+03
1.165000000000000000e+03
3.790000000000000000e+02
4.010000000000000000e+02
4.990000000000000000e+02
6.290000000000000000e+02
6.190000000000000000e+02
7.130000000000000000e+02
6.430000000000000000e+02
8.350000000000000000e+02
4.250000000000000000e+02
9.410000000000000000e+02
5.290000000000000000e+02
6.330000000000000000e+02
5.890000000000000000e+02
8.250000000000000000e+02
1.173000000000000000e+03
2.251000000000000000e+03
5.470000000000000000e+02
5.190000000000000000e+02
6.750000000000000000e+02
8.610000000000000000e+02
4.170000000000000000e+02
1.053000000000000000e+03
9.190000000000000000e+02
9.390000000000000000e+02
5.450000000000000000e+02
1.139000000000000000e+03
1.339000000000000000e+03
7.590000000000000000e+02
5.350000000000000000e+02
6.510000000000000000e+02
1.527000000000000000e+03
8.810000000000000000e+02
7.930000000000000000e+02
9.650000000000000000e+02
4.890000000000000000e+02
7.170000000000000000e+02
6.230000000000000000e+02
7.890000000000000000e+02
5.710000000000000000e+02
9.890000000000000000e+02
6.770000000000000000e+02
7.190000000000000000e+02
7.710000000000000000e+02
1.259000000000000000e+03
1.237000000000000000e+03
6.650000000000000000e+02
3.570000000000000000e+02
6.370000000000000000e+02
6.410000000000000000e+02
6.790000000000000000e+02
9.130000000000000000e+02
2.057000000000000000e+03
9.070000000000000000e+02
2.890000000000000000e+02
7.950000000000000000e+02
1.591000000000000000e+03
1.689000000000000000e+03
5.910000000000000000e+02
5.570000000000000000e+02
4.750000000000000000e+02
6.930000000000000000e+02
8.090000000000000000e+02
1.001000000000000000e+03
1.415000000000000000e+03
3.970000000000000000e+02
3.090000000000000000e+02
1.133000000000000000e+03
1.021000000000000000e+03
9.590000000000000000e+02
1.249000000000000000e+03
1.025000000000000000e+03
1.477000000000000000e+03
1.125000000000000000e+03
9.370000000000000000e+02
7.090000000000000000e+02
1.399000000000000000e+03
9.350000000000000000e+02
7.290000000000000000e+02
9.050000000000000000e+02
1.087000000000000000e+03
1.151000000000000000e+03
1.201000000000000000e+03
8.170000000000000000e+02
5.770000000000000000e+02
7.690000000000000000e+02
8.330000000000000000e+02
1.015000000000000000e+03
1.327000000000000000e+03
7.890000000000000000e+02
1.101000000000000000e+03
6.870000000000000000e+02
7.030000000000000000e+02
7.610000000000000000e+02
7.930000000000000000e+02
6.150000000000000000e+02
5.690000000000000000e+02
4.790000000000000000e+02
4.590000000000000000e+02
8.910000000000000000e+02
7.710000000000000000e+02
6.730000000000000000e+02
1.251000000000000000e+03
9.930000000000000000e+02
1.813000000000000000e+03
6.810000000000000000e+02
1.223000000000000000e+03
1.015000000000000000e+03
5.090000000000000000e+02
1.045000000000000000e+03
8.930000000000000000e+02
7.090000000000000000e+02
5.850000000000000000e+02
2.095000000000000000e+03
9.390000000000000000e+02
8.350000000000000000e+02
3.263000000000000000e+03
1.223000000000000000e+03
1.101000000000000000e+03
5.730000000000000000e+02
6.930000000000000000e+02
5.350000000000000000e+02
8.870000000000000000e+02
8.290000000000000000e+02
9.690000000000000000e+02
6.110000000000000000e+02
4.570000000000000000e+02
5.070000000000000000e+02
1.489000000000000000e+03
3.510000000000000000e+02
7.770000000000000000e+02
7.710000000000000000e+02
3.310000000000000000e+02
1.435000000000000000e+03
6.810000000000000000e+02
1.343000000000000000e+03
1.105000000000000000e+03
6.690000000000000000e+02
7.310000000000000000e+02
8.030000000000000000e+02
1.017000000000000000e+03
1.352000000000000000e+03
1.079000000000000000e+03
3.175000000000000000e+03
9.790000000000000000e+02
1.617000000000000000e+03
1.107000000000000000e+03
1.321000000000000000e+03
9.190000000000000000e+02
1.695000000000000000e+03
5.390000000000000000e+02
1.013000000000000000e+03
1.199000000000000000e+03
1.661000000000000000e+03
1.711000000000000000e+03
9.050000000000000000e+02
1.055000000000000000e+03
7.410000000000000000e+02
8.190000000000000000e+02
1.111000000000000000e+03
7.390000000000000000e+02
4.330000000000000000e+02
4.210000000000000000e+02
8.970000000000000000e+02
1.215000000000000000e+03
1.099000000000000000e+03
1.073000000000000000e+03
1.621000000000000000e+03
8.390000000000000000e+02
1.259000000000000000e+03
7.350000000000000000e+02
9.990000000000000000e+02
6.490000000000000000e+02
1.131000000000000000e+03
1.185000000000000000e+03
9.050000000000000000e+02
4.090000000000000000e+02
6.110000000000000000e+02
7.490000000000000000e+02
9.570000000000000000e+02
7.930000000000000000e+02
8.210000000000000000e+02
7.150000000000000000e+02
9.350000000000000000e+02
4.710000000000000000e+02
4.550000000000000000e+02
4.370000000000000000e+02
8.390000000000000000e+02
1.387000000000000000e+03
5.950000000000000000e+02
5.870000000000000000e+02
1.263000000000000000e+03
6.270000000000000000e+02
5.650000000000000000e+02
5.450000000000000000e+02
1.127000000000000000e+03
1.115000000000000000e+03
1.385000000000000000e+03
5.990000000000000000e+02
8.990000000000000000e+02
9.330000000000000000e+02
1.133000000000000000e+03
1.337000000000000000e+03
1.447000000000000000e+03
4.670000000000000000e+02
1.187000000000000000e+03
1.171000000000000000e+03
1.161000000000000000e+03
1.067000000000000000e+03
8.250000000000000000e+02
7.090000000000000000e+02
6.810000000000000000e+02
1.041000000000000000e+03
1.085000000000000000e+03
1.115000000000000000e+03
1.135000000000000000e+03
1.137000000000000000e+03
1.143000000000000000e+03
1.225000000000000000e+03
1.225000000000000000e+03
1.279000000000000000e+03
1.315000000000000000e+03
1.393000000000000000e+03
1.899000000000000000e+03
4.850000000000000000e+02
1.153000000000000000e+03
1.101000000000000000e+03
4.770000000000000000e+02
5.250000000000000000e+02
6.030000000000000000e+02
6.450000000000000000e+02
6.810000000000000000e+02
7.390000000000000000e+02
8.450000000000000000e+02
1.021000000000000000e+03
9.170000000000000000e+02
4.730000000000000000e+02
9.810000000000000000e+02
1.045000000000000000e+03
1.037000000000000000e+03
1.125000000000000000e+03
1.083000000000000000e+03
1.193000000000000000e+03
9.010000000000000000e+02
1.127000000000000000e+03
1.199000000000000000e+03
1.357000000000000000e+03
1.105000000000000000e+03
1.501000000000000000e+03
1.597000000000000000e+03
1.315000000000000000e+03
7.150000000000000000e+02
7.050000000000000000e+02
7.670000000000000000e+02
8.050000000000000000e+02
7.970000000000000000e+02
8.150000000000000000e+02
8.950000000000000000e+02
5.830000000000000000e+02
5.330000000000000000e+02
5.770000000000000000e+02
5.570000000000000000e+02
4.550000000000000000e+02
4.610000000000000000e+02
6.630000000000000000e+02
4.930000000000000000e+02
5.470000000000000000e+02
5.810000000000000000e+02
6.670000000000000000e+02
4.950000000000000000e+02
5.990000000000000000e+02
4.990000000000000000e+02
5.450000000000000000e+02
5.050000000000000000e+02
5.690000000000000000e+02
5.450000000000000000e+02
5.370000000000000000e+02
5.570000000000000000e+02
6.530000000000000000e+02
4.790000000000000000e+02
7.410000000000000000e+02
5.830000000000000000e+02
5.150000000000000000e+02
7.270000000000000000e+02
5.170000000000000000e+02
4.450000000000000000e+02
4.370000000000000000e+02
4.870000000000000000e+02
7.070000000000000000e+02
6.930000000000000000e+02
7.130000000000000000e+02
7.370000000000000000e+02
7.330000000000000000e+02
7.550000000000000000e+02
8.310000000000000000e+02
9.390000000000000000e+02
8.890000000000000000e+02
1.199000000000000000e+03
5.110000000000000000e+02
5.170000000000000000e+02
5.170000000000000000e+02
5.590000000000000000e+02
5.730000000000000000e+02
6.490000000000000000e+02
6.950000000000000000e+02
7.010000000000000000e+02
6.490000000000000000e+02
1.117000000000000000e+03
7.250000000000000000e+02
6.650000000000000000e+02
7.670000000000000000e+02
8.790000000000000000e+02
8.870000000000000000e+02
9.170000000000000000e+02
1.019000000000000000e+03
9.570000000000000000e+02
1.039000000000000000e+03
1.151000000000000000e+03
5.550000000000000000e+02
1.493000000000000000e+03
4.530000000000000000e+02
5.650000000000000000e+02
6.790000000000000000e+02
7.170000000000000000e+02
7.710000000000000000e+02
9.230000000000000000e+02
1.013000000000000000e+03
1.243000000000000000e+03
7.870000000000000000e+02
3.870000000000000000e+02
9.350000000000000000e+02
5.650000000000000000e+02
7.550000000000000000e+02
1.125000000000000000e+03
5.870000000000000000e+02
7.490000000000000000e+02
7.870000000000000000e+02
8.830000000000000000e+02
5.470000000000000000e+02
6.370000000000000000e+02
7.890000000000000000e+02
6.490000000000000000e+02
8.090000000000000000e+02
1.457000000000000000e+03
1.549000000000000000e+03
8.430000000000000000e+02
5.250000000000000000e+02
3.450000000000000000e+02
3.930000000000000000e+02
4.910000000000000000e+02
4.810000000000000000e+02
4.870000000000000000e+02
8.770000000000000000e+02
4.450000000000000000e+02
5.130000000000000000e+02
5.110000000000000000e+02
5.250000000000000000e+02
6.910000000000000000e+02
9.590000000000000000e+02
9.050000000000000000e+02
5.990000000000000000e+02
9.850000000000000000e+02
1.307000000000000000e+03
5.410000000000000000e+02
4.950000000000000000e+02
1.371000000000000000e+03
9.090000000000000000e+02
4.850000000000000000e+02
6.150000000000000000e+02
7.630000000000000000e+02
7.810000000000000000e+02
1.041000000000000000e+03
7.990000000000000000e+02
5.630000000000000000e+02
4.950000000000000000e+02
4.490000000000000000e+02
1.183000000000000000e+03
1.633000000000000000e+03
4.070000000000000000e+02
5.590000000000000000e+02
9.230000000000000000e+02
2.073000000000000000e+03
1.861000000000000000e+03
1.323000000000000000e+03
1.275000000000000000e+03
1.169000000000000000e+03
1.153000000000000000e+03
8.310000000000000000e+02
7.350000000000000000e+02
8.610000000000000000e+02
2.709000000000000000e+03
6.750000000000000000e+02
6.070000000000000000e+02
5.730000000000000000e+02
5.930000000000000000e+02
5.790000000000000000e+02
4.230000000000000000e+02
3.830000000000000000e+02
5.850000000000000000e+02
1.681000000000000000e+03
1.449000000000000000e+03
1.277000000000000000e+03
1.239000000000000000e+03
1.275000000000000000e+03
1.077000000000000000e+03
9.450000000000000000e+02
7.690000000000000000e+02
6.470000000000000000e+02
1.001000000000000000e+03
1.397000000000000000e+03
7.490000000000000000e+02
1.045000000000000000e+03
5.610000000000000000e+02
9.330000000000000000e+02
7.750000000000000000e+02
5.590000000000000000e+02
6.390000000000000000e+02
6.710000000000000000e+02
1.485000000000000000e+03
4.690000000000000000e+02
6.990000000000000000e+02
6.350000000000000000e+02
9.410000000000000000e+02
1.745000000000000000e+03
1.419000000000000000e+03
1.161000000000000000e+03
1.077000000000000000e+03
9.170000000000000000e+02
9.070000000000000000e+02
1.471000000000000000e+03
