0.000000000000000000e+00 7.970165249278667041e-02 2.150431537351440159e-01 2.298768982521800230e-01 2.551278249312153301e-01 2.497717291839267328e-01 1.708914310457761432e-01 1.830447788783338692e-01 2.065972448214096202e-01 2.135067164559146802e-01 2.123300139720361857e-01 2.010778810414831086e-01 1.874065703266966088e-01 1.972202076371364077e-01 2.047232582153930835e-01 2.028726115170097766e-01 1.670909278411504828e-01 1.639548188225188330e-01 2.177170262401323941e-01 2.128027361434176312e-01
8.319867018645724088e-02 0.000000000000000000e+00 2.185467042948137373e-01 2.285065227218428530e-01 2.495450806930627763e-01 2.488149308938179260e-01 1.778373766967588088e-01 1.897501516868553839e-01 2.092165170238133864e-01 2.152156070993192505e-01 2.203403716225433573e-01 2.005491305892661558e-01 1.901058367966845519e-01 2.014107764263745326e-01 2.033013282110029685e-01 1.946628414913574301e-01 1.664494040027187649e-01 1.638250850549951287e-01 2.175810196983405387e-01 2.114408167563419094e-01
2.252226156059486950e-01 2.170546115557754618e-01 1.649673569020083663e-01 1.457408390510663287e-01 2.314423313583539032e-01 2.257219510507891824e-01 1.727359863881790525e-01 2.100961745548161619e-01 2.250112473307723515e-01 2.229864376887012167e-01 2.197982836769079573e-01 2.078764948053887784e-01 2.005075189993313911e-01 2.030296392661909144e-01 1.968149415052237450e-01 2.245632443340727091e-01 2.034545311864938699e-01 1.988940269189717058e-01 2.271933866710533489e-01 2.177809336727771494e-01
2.329783753495171528e-01 2.155688011220570077e-01 2.114468363261685357e-01 1.274957294797402219e-01 2.520240715277731192e-01 2.643392155966415857e-01 2.084006967997026893e-01 2.022240837032691085e-01 2.157747332961151010e-01 2.180651949876314111e-01 1.822549348467064623e-01 1.878060782551085883e-01 1.910786443663088918e-01 1.962124084239301736e-01 2.310106288245720174e-01 2.319296352323521881e-01 1.802281072350206403e-01 1.826880908141242654e-01 2.158388573686200462e-01 2.174263350458022215e-01
2.853205336907612133e-01 2.771245173303068521e-01 2.513793138186375398e-01 2.750308435652074057e-01 1.567483138769146800e-01 8.888851647687186219e-02 2.819937654506601832e-01 2.773025352772487961e-01 2.809871096244224153e-01 2.749493090045776467e-01 3.060969953993060155e-01 3.051287195390324780e-01 2.656569247133475642e-01 2.655444655580696534e-01 2.195643640861860146e-01 2.236017244732502463e-01 2.667451007340447822e-01 2.695483009151441456e-01 2.366158752427334477e-01 2.419846613713395600e-01
2.871908263531408045e-01 2.775824725091617373e-01 2.554553864517868922e-01 2.700276794626994548e-01 1.542279101800493046e-01 6.707879276254074028e-09 2.672319499994618708e-01 2.742060036845903603e-01 2.817177685948342725e-01 2.744279376037682683e-01 2.978680092274197388e-01 2.952801046424269327e-01 2.600085673601334468e-01 2.640809076149714940e-01 2.166426195082444273e-01 2.283041520319473716e-01 2.578773144385819172e-01 2.673121045449491917e-01 2.239610180179483212e-01 2.288510024339847349e-01
1.684168071953541790e-01 1.705509656808817109e-01 1.904703178428983901e-01 1.944324122231301244e-01 2.605446818974687107e-01 2.591070735669512848e-01 0.000000000000000000e+00 1.407445034531016326e-01 1.984316979389671998e-01 2.061587202959721810e-01 1.757206790391873386e-01 1.912222246072984855e-01 1.581693349277192850e-01 1.656292948579279889e-01 2.072633538550031351e-01 2.118443825658552215e-01 1.752306776268800215e-01 1.667766277755385051e-01 2.040017874533868736e-01 2.206104970956493383e-01
1.616566068105552145e-01 1.706856649749932120e-01 2.106462430599681246e-01 1.998935556136184344e-01 2.524098504916669206e-01 2.454777307749851645e-01 1.385238516136424736e-01 0.000000000000000000e+00 1.523004718937429891e-01 1.639675328074826355e-01 1.596790942854406647e-01 1.740651431585827080e-01 1.828660603183908384e-01 1.890565531426121049e-01 2.043376682043827330e-01 2.011280901206408678e-01 1.719145801410508767e-01 1.715328012647578670e-01 2.169383518606173011e-01 2.193304553667865253e-01
2.095764573488659577e-01 2.098529987995048085e-01 1.927108275539707594e-01 2.026352667816441744e-01 2.606645134642606165e-01 2.532212314287629051e-01 2.146199371616389073e-01 1.923033451129925464e-01 7.887118765842679458e-02 1.013410752105459445e-01 1.591321726575315454e-01 1.713755312390929930e-01 1.392315098463708378e-01 1.443152840577123508e-01 2.221229913274829493e-01 2.180264826113854637e-01 1.809842392147459067e-01 1.921818250163542519e-01 1.943382487200701336e-01 2.035217760834038270e-01
2.204100887080394366e-01 2.180214646409195101e-01 2.064436585524642709e-01 2.040519540138751031e-01 2.591019398790774253e-01 2.501566609927879936e-01 1.974296138178634752e-01 2.063418129277633795e-01 1.059980644418985901e-01 1.242025906737662250e-01 1.720685773073646618e-01 2.024658321116733217e-01 1.819328407005783854e-01 1.820304274616073303e-01 2.235887835961561099e-01 2.206086212380655720e-01 2.104915575057578481e-01 1.995566808224832900e-01 2.032142524641219195e-01 2.149348458978527499e-01
2.054249365150886131e-01 2.005374295907111082e-01 2.245345062277902259e-01 2.516577944410015588e-01 2.759342029126376494e-01 2.765987938530854451e-01 1.701172578499760280e-01 1.759110791928460982e-01 1.419362237202326238e-01 1.630025046622085583e-01 0.000000000000000000e+00 1.484737942107193787e-01 2.135573275262194481e-01 2.042810275808888965e-01 2.397671478160963432e-01 2.321715987691385930e-01 2.216028663160737877e-01 2.193795546453146394e-01 2.425107699994791255e-01 2.390082750598779560e-01
1.847470283849851624e-01 1.858710519415021079e-01 2.215232867077435719e-01 2.112673213045432319e-01 2.737443423993660696e-01 2.717971622538666310e-01 1.709797487171773600e-01 1.692524895152627273e-01 1.948866773455161794e-01 1.713357060247756858e-01 1.096219977119991112e-01 8.215440741506100994e-09 1.546882244020957864e-01 1.676730360727234359e-01 2.316246658892882060e-01 2.254100695250448039e-01 2.137536305938515790e-01 2.164883214721361193e-01 2.497427047814781698e-01 2.462345897343891921e-01
1.815407531607567959e-01 1.831052673586055779e-01 1.709621448800456300e-01 1.781305765018246501e-01 2.589728105093027644e-01 2.577831779958375535e-01 1.604449928322724261e-01 1.820479732532998829e-01 2.018242933837131881e-01 2.065009759832066583e-01 1.956121961765444894e-01 1.821559918870988004e-01 4.743186923619966078e-09 6.635488571458167395e-02 2.101417034964865593e-01 2.025871402202254756e-01 1.425568848360767304e-01 1.486792088750955587e-01 1.821472384047720106e-01 1.927745217171274450e-01
1.925103656105138783e-01 1.896788988132353526e-01 1.801495172011728652e-01 1.660843423154619580e-01 2.624024425855204790e-01 2.621289132124001720e-01 1.645271106784499393e-01 1.879889116412954142e-01 2.069837837121375479e-01 2.126381520451149365e-01 2.186765840432794150e-01 1.619188854744449679e-01 5.399468921640983993e-02 0.000000000000000000e+00 2.172061532176131349e-01 2.048006387772246528e-01 1.415086901301919609e-01 1.542264461734836334e-01 1.924124876653804661e-01 1.994928352144433037e-01
2.293771901516587219e-01 2.203503055217053697e-01 2.231363315655315316e-01 2.521270274626600250e-01 2.183146639790137788e-01 2.128301683885179263e-01 2.256876246666052743e-01 2.201638747714870503e-01 2.488048973048123114e-01 2.467397472581955298e-01 2.490390059201096629e-01 2.500728996675449234e-01 2.276748845666179966e-01 2.311616534230359621e-01 9.486373847239932156e-09 1.114070255301578966e-01 2.106021296993149106e-01 2.174558640498068518e-01 1.867878990790633742e-01 1.892090693756204312e-01
2.134834796999990902e-01 2.041981438159675699e-01 2.237742199729927384e-01 2.272113710473699644e-01 2.214995268480174084e-01 2.169824164543557310e-01 2.139725764544491982e-01 2.163104799741984441e-01 2.172563060366887455e-01 2.229020227713930657e-01 2.369279066265183864e-01 2.509989230297596796e-01 2.097367208194472754e-01 2.126059773535932951e-01 1.265553959721218424e-01 0.000000000000000000e+00 1.975564373993409506e-01 1.882846661652759768e-01 1.956573231081487341e-01 1.896613828501022003e-01
1.792548202266012747e-01 1.833626291788869322e-01 1.906606876046169630e-01 1.748474831810755414e-01 2.551354885439369169e-01 2.493814824253509921e-01 1.535414993433049657e-01 1.861739913663874590e-01 1.771675855850854409e-01 1.863921967066087815e-01 2.030576152632945219e-01 1.683798771051208398e-01 1.336924628239008761e-01 1.351388094607986479e-01 1.877646794224210325e-01 1.728915210870012320e-01 8.215440741506100994e-09 1.475179163360655354e-01 1.811888519117847152e-01 1.781132444805222648e-01
1.672444668596121675e-01 1.710644377485523171e-01 1.865881139354119977e-01 1.701776835278015210e-01 2.547843948374391987e-01 2.478416821111587010e-01 1.566814515699162524e-01 1.708930794578585599e-01 1.985768779315795762e-01 1.988719086433100580e-01 2.053005916979987189e-01 1.594496584822461260e-01 1.347497828244294260e-01 1.439755188990479717e-01 1.802748235687854361e-01 1.696503032393486543e-01 1.176112394041988890e-01 4.743186923619966078e-09 1.796126432094013181e-01 1.732222774474353189e-01
2.303017476163245203e-01 2.183973731979281241e-01 2.018614717782095946e-01 2.297430182744836791e-01 2.141348475769342119e-01 2.102150115717153767e-01 2.097773360656461916e-01 2.227940073869616178e-01 2.290096698179011070e-01 2.339558094178803005e-01 2.570368561290802822e-01 2.513872511995260406e-01 1.909364192118092052e-01 1.982083820583419309e-01 1.797282720121708421e-01 1.848521049497890700e-01 1.944932903906969324e-01 1.904991080179661844e-01 0.000000000000000000e+00 1.617486887125154649e-01
2.342414928806292596e-01 2.219742950471551846e-01 1.990503827964762718e-01 2.319036825887510755e-01 2.082841522045056903e-01 2.083908290609363390e-01 2.224073025976567863e-01 2.225740163898191071e-01 2.387612096705863385e-01 2.486603985947054285e-01 2.405972836176969998e-01 2.422756387856210558e-01 2.046955596557680779e-01 2.082526699661224334e-01 1.659867926337142696e-01 1.780037065791695294e-01 1.989206526528777830e-01 1.890247463377643933e-01 9.380486001549180608e-02 4.743186923619966078e-09
