5.606635068060793984e-04 6.034725002562002998e-05 8.968014808286933976e-04 5.603113464320763539e-04 1.085979688714927690e-03 1.049454580029134977e-03 4.062311585509162186e-04 3.394386351687778830e-04 3.364866594538421635e-04 3.693561677765018307e-04 3.554623995741064500e-03 2.455032508601306691e-03 3.853810231154364469e-04 3.986055658452309779e-04 8.417064112195452941e-04 7.107317000238192210e-04 2.526138869923350515e-04 2.760989515954947971e-04 8.329781776706513636e-04 9.133903607187022307e-04
5.376379146596024956e-04 5.285682764702954268e-04 6.119185288013061609e-04 3.924139052713604631e-04 8.095571808912722586e-04 7.858997262590486192e-04 3.370305789689871092e-04 2.054155890694256414e-04 2.591935289013312161e-04 2.489603495797140819e-04 4.235454288700831078e-03 2.810211906395897533e-03 3.236702020748226101e-04 4.017403141259330416e-04 6.468530961830847937e-04 5.480043032417687655e-04 3.057873356570776717e-04 2.130283466009803730e-04 5.507921245707752796e-04 5.929993293749672746e-04
1.025451120561606628e-03 6.776167375801643968e-04 1.257252816407937012e-04 1.758839964860564001e-04 9.836110785119611590e-05 9.037039689826963855e-05 2.221450510252664587e-04 4.031558577797400718e-04 8.937059743693699741e-04 6.101255316995955833e-04 6.648337381279151304e-03 4.643125804492094152e-03 7.080705551406419945e-04 9.661504401328352724e-04 8.093466597905401682e-05 7.596053822337196944e-05 4.869718955567212256e-04 4.101954123431476081e-04 7.901504617536567025e-05 5.497162099048252582e-05
6.530019074009407948e-04 3.470254876536126866e-04 2.460059794333227350e-04 1.753952417814181393e-04 3.187625465407457610e-04 3.079032886686406908e-04 1.923408631345234542e-04 3.174368694007718484e-04 5.699889804583294388e-04 4.082810002309215946e-04 5.246497684040971575e-03 3.428708342423189125e-03 3.419148579594803901e-04 4.861811945176404653e-04 2.029216639004705188e-04 1.586914029799008346e-04 1.660723977938973416e-04 1.545589749263848818e-04 1.651783335596747099e-04 2.093610433112377107e-04
1.734525209993590007e-03 1.241155920908927537e-03 1.863450376589855548e-04 5.848302280216108665e-04 4.467475161131449350e-05 4.048438606881871974e-05 5.853605681242224096e-04 8.722509144656497753e-04 1.581748790501076498e-03 1.117802581680203558e-03 8.281756100648407504e-03 6.133892127206995969e-03 1.309041822599435771e-03 1.672519893439896200e-03 7.723795585365145775e-05 1.114716442976625621e-04 9.035345092241848456e-04 8.438049052950843129e-04 1.690505709160860972e-04 1.185077687190487115e-04
1.713807461621856760e-03 1.230671988382133972e-03 1.827062773328484268e-04 5.800673713752393457e-04 4.822027441944104438e-05 5.040662321406136250e-05 5.831997123639675760e-04 8.266672158931968797e-04 1.556038503859932115e-03 1.098148376120198968e-03 8.171704418254346208e-03 6.060761310098486399e-03 1.278780918462080890e-03 1.645174496273522609e-03 6.379130733827391648e-05 1.025905627502408078e-04 8.709764968427535477e-04 7.994233164315251404e-04 1.510177464915168292e-04 1.155136991211494306e-04
4.598818760644374486e-04 2.670333479639086798e-04 1.734295259081762022e-04 1.276669090631238975e-04 3.791392911998444737e-04 3.706578678279868122e-04 7.788791033500265971e-05 1.037460254104262104e-04 4.550557914724093125e-04 2.895504479007636424e-04 4.887286443302964883e-03 3.186783678993416937e-03 2.755768666731471268e-04 4.451146368267200272e-04 2.609621207005912314e-04 2.059515383103722238e-04 1.485067871529975863e-04 1.202940473142915606e-04 1.659528885428973534e-04 2.087272642565286287e-04
3.872655108327803996e-04 2.368318237418357388e-04 3.289757731474231587e-04 1.460035045362754070e-04 5.315494213114210558e-04 5.144682070207236106e-04 7.887257932893975993e-05 1.120767020761456354e-04 2.921953024608580935e-04 2.269209056295676513e-04 4.249800979712801095e-03 2.858380935539421748e-03 2.413763901594614481e-04 3.019236015210551905e-04 3.895535882533408432e-04 3.204854365110359950e-04 9.299388963201727319e-05 9.012470252331537953e-05 2.661158438718122543e-04 3.298194852310480174e-04
4.547864854372350523e-04 4.267673186042842738e-04 6.183515786334103405e-04 4.681587001361725477e-04 1.054560493298957848e-03 1.025187983303111781e-03 4.569271694510123423e-04 4.066150645188213114e-04 9.551762006459634847e-05 1.506264626751255384e-04 3.525276035170666657e-03 2.280873979578115340e-03 2.937342609634672834e-04 3.604889584685170190e-04 8.811719855067652075e-04 7.566929299268433185e-04 2.954689390266249148e-04 2.483060033371803084e-04 6.224822515036077019e-04 7.305110441619322350e-04
6.035708864531601128e-04 4.087221213093183113e-04 4.352287094210808682e-04 3.461642002629562709e-04 6.913912163691700525e-04 6.853458413530851478e-04 3.043202808365639243e-04 4.029494287102802145e-04 2.043474594909015318e-04 1.908727974089493077e-04 4.309091363920150228e-03 3.457308668796905959e-03 4.222868395988373016e-04 5.227859740579535478e-04 6.070020014438490957e-04 4.986769272388552306e-04 3.015617115573705829e-04 3.095230963312181464e-04 4.158781448438134349e-04 5.101994154012492316e-04
2.081659172230222298e-03 2.564407911999846620e-03 4.895730942468115750e-03 4.155498793815947528e-03 6.084204108840043923e-03 6.004960878631462017e-03 3.697476633647351490e-03 3.020541305734742495e-03 2.437858511591440430e-03 3.084555692070823935e-03 5.115529607506527241e-04 5.915972883631543397e-04 2.649381562636309202e-03 2.389577107067779923e-03 5.628839640536303750e-03 5.296917002904176844e-03 3.115670510886161138e-03 3.260160343258921081e-03 5.033742393929190387e-03 5.334869170002619516e-03
1.291859953949257497e-03 1.709199683288388765e-03 3.657606233649301607e-03 3.091843225021997498e-03 4.677228185215928820e-03 4.608326236810632130e-03 2.663771590399557042e-03 2.019829626972677230e-03 1.768211851130460817e-03 2.421650400955349235e-03 6.304430510776708012e-04 2.628446515133470488e-04 1.754564158060067979e-03 1.537331994693775118e-03 4.273662704114634774e-03 4.022150644340006208e-03 2.123344868911458509e-03 2.211804941542159283e-03 3.748369024739378608e-03 4.009653640338909676e-03
2.894361703844364436e-04 1.891977860358122563e-04 4.775125087769976689e-04 3.210409383549472678e-04 9.555972853809113722e-04 9.345606052281678995e-04 2.662995731782487395e-04 1.901069949205391014e-04 3.579564737812709831e-04 3.376508372787709951e-04 4.016284660803767781e-03 2.204678967599979587e-03 5.021619199851578842e-05 1.149340556973628809e-04 7.881771311084685228e-04 6.549016996036416708e-04 1.231522670526828266e-04 1.379332871967173040e-04 5.383501504422947377e-04 6.232079792005547044e-04
2.967438789300877022e-04 2.790369635402532031e-04 7.113380107563874784e-04 4.298899667446384200e-04 1.153761067954843034e-03 1.128682100631046023e-03 4.286905353772575721e-04 3.132111054923686724e-04 4.219379025677378291e-04 4.417151328413524152e-04 4.012623174942527363e-03 2.157470104627387791e-03 5.845059040781867463e-05 7.767476968898857188e-05 9.189969842263549793e-04 7.641690766297203454e-04 1.913003130878415290e-04 2.285070451773584357e-04 7.062884754809893367e-04 7.983995935425212140e-04
1.404466873194751796e-03 9.648985645840377819e-04 1.314888500603854978e-04 4.227829127287671511e-04 5.497759899073212890e-05 4.847579622434817202e-05 4.207439644481644043e-04 6.698731201287445999e-04 1.265375006028599935e-03 8.605043403011878363e-04 7.716475773264133697e-03 5.663523741818318746e-03 1.024620214473143630e-03 1.341081839385232588e-03 2.886472492581882300e-05 5.732789209556531513e-05 6.760107292749826342e-04 6.296346631510937267e-04 8.950517136964051493e-05 6.268452714786200810e-05
1.180486955909832748e-03 7.686697282034502671e-04 1.092256345720471022e-04 3.781083351685235699e-04 7.046852760797779147e-05 6.433284566029819638e-05 3.661344105585394239e-04 5.860728397436473216e-04 1.082945602337696085e-03 7.367272320304505805e-04 7.348818659459536475e-03 5.358068091558598929e-03 8.705502864098360518e-04 1.182004566603237806e-03 3.117006720773028141e-05 8.363872116182332044e-06 5.475531080865339659e-04 4.896358882019980450e-04 7.517243264948518533e-05 5.978774113748833039e-05
3.827052222428162752e-04 2.522143184055168044e-04 3.117564250079167196e-04 1.465244722760231750e-04 6.165469083471964394e-04 5.975017082052950373e-04 1.335381903628813228e-04 1.399024631540297665e-04 2.962194508279101233e-04 2.261519256014025276e-04 4.489585533076091012e-03 2.849016539141537192e-03 1.758587583559538623e-04 2.763580789267190956e-04 4.848758601590049040e-04 3.817851430933359995e-04 1.306523761850626015e-04 7.322984455073330249e-05 3.233979131678196340e-04 3.925853016120744911e-04
3.539212803255531231e-04 1.821050819750918406e-04 2.759143527136937975e-04 1.753807672175219804e-04 5.682079894075902976e-04 5.519894197883809398e-04 1.075900458620981682e-04 1.026115451701256338e-04 3.064281487759444459e-04 2.075149370085776406e-04 4.737990688344882045e-03 3.060249456996202294e-03 1.901610307653718828e-04 3.010324065030772528e-04 4.522033380133996935e-04 3.475964060590720382e-04 1.042309855415857287e-04 9.037422603633458681e-05 2.847021642785654274e-04 3.482489240978260962e-04
1.176202292805729206e-03 8.014654672580287216e-04 7.360058381983877306e-05 3.453607161551088076e-04 9.919854842195964095e-05 8.908295438594025729e-05 3.277250038583802059e-04 5.146443245820290883e-04 9.947889143245732240e-04 6.888705637706399364e-04 7.044088186567977646e-03 5.054887131361462602e-03 7.688682910967327899e-04 1.053175635854638201e-03 7.960993717031532649e-05 7.251549687461812991e-05 4.664281636249201593e-04 4.153497884493952607e-04 4.404432530645209151e-05 3.971718449443840276e-05
1.292208052664465222e-03 8.719698236660069265e-04 8.860346748421002591e-05 3.824769903485729806e-04 7.087071772352010598e-05 6.553002805977092837e-05 3.685328439100388296e-04 5.774001584918063163e-04 1.118930622108554960e-03 7.604871059334332613e-04 7.245114243767066843e-03 5.324277907347824135e-03 9.024229172710841219e-04 1.201068060463007662e-03 3.920393106203572808e-05 6.735401793164418548e-05 5.850551131964037629e-04 5.129189735920481382e-04 6.262623725916390081e-05 5.305158897949283970e-05
