1.652408911969616609e-33 1.557505891772546910e-04 2.031753580693183934e-03 3.749088810018995268e-03 4.947858136989536325e-03 4.676882957909216619e-03 6.769116299182366967e-04 7.081758797124432063e-04 4.845460224933684744e-03 4.613576982880166454e-03 2.135013329677518633e-03 2.181078106133900203e-03 2.103814633196576193e-03 2.705755029215237226e-03 1.768669282046353127e-03 1.594558215698657329e-03 1.333319199908323312e-03 1.326176213333926136e-03 3.204414030230266688e-03 3.521192498380688960e-03
2.227025497559055091e-04 6.824310787724471359e-34 1.705053904550575278e-03 3.360528228856215008e-03 4.236013288970462420e-03 4.039110353896696939e-03 9.394391911600577559e-04 8.859757842817952153e-04 4.529061061553221745e-03 4.291197645525616534e-03 1.668501972112928534e-03 1.815536432731585346e-03 2.085338179222338308e-03 2.558974738372911742e-03 1.433621580141209101e-03 1.308884215603846584e-03 1.325229104970207256e-03 1.281939093680197449e-03 2.991324973097050921e-03 3.133817520105200340e-03
2.772346034154903917e-03 2.565789749707342391e-03 1.155310508505088237e-33 1.539455782517241446e-03 3.702847477964294441e-03 3.581802899351989831e-03 2.575163447043292680e-03 2.469041278296429682e-03 5.374011441502995340e-03 5.187230815163316328e-03 2.456054036624361579e-03 3.129955966116997404e-03 1.513768739116686229e-03 1.696274879633322781e-03 1.643305491310963120e-03 1.568611925813354286e-03 1.224510363367999803e-03 1.382576706990669077e-03 1.534951810774850146e-03 1.396168406635291993e-03
3.871319163822238129e-03 3.838892020396065911e-03 1.433345558880646771e-03 3.223394244832904904e-03 4.132605756461783970e-03 4.112314697064323524e-03 3.114517005847799481e-03 3.400220382666599168e-03 1.965080197733347182e-03 2.858665275522826593e-03 4.888709916039804537e-03 4.409070366925487566e-03 1.408777824475458120e-03 1.203423524405618662e-03 1.973380655116946641e-03 1.363011130568832349e-03 1.729592629479376892e-03 1.789286028413383150e-03 1.117521193394692414e-03 1.145543986878547584e-03
6.950606295150719635e-03 5.536131891785363995e-03 1.848874995797996062e-03 1.827400322763196670e-03 1.088684724270551389e-34 2.655170905845601360e-05 5.347034195709070119e-03 5.028695989847268080e-03 1.747112298573798165e-03 1.515597585730902837e-03 2.755642059175238915e-03 2.862455692149204999e-03 3.138140796058409929e-03 3.032782395090874439e-03 9.660873610226448525e-04 1.124488160798130980e-03 3.463639033192925099e-03 3.422440274182141084e-03 9.723016894304558266e-04 8.645414415876479875e-04
6.476820123739442624e-03 5.186982443245835572e-03 1.766831686087765117e-03 1.852187802058007831e-03 2.634380983185611385e-05 4.360733301983192972e-34 4.863947036590019618e-03 4.690757328769118092e-03 1.522861541683146391e-03 1.334591845717999093e-03 2.782318389390162246e-03 2.789708567522140512e-03 3.073588776309073376e-03 2.759759540282035340e-03 8.121060843766027574e-04 1.040846414958247670e-03 3.113054608504901063e-03 3.109949736281737709e-03 9.689474480941160164e-04 8.748562613877864432e-04
6.662408142024262014e-04 8.242355296173392272e-04 1.764873145819271291e-03 4.336041998940804755e-03 6.362512028045657665e-03 6.381733143988475333e-03 1.750277546737904100e-32 9.539897070940233379e-04 6.498965908232945225e-03 6.009415691912668375e-03 2.470327367329995007e-03 2.329518892297247415e-03 2.052214399896654107e-03 2.423042758802175425e-03 2.983582128958065828e-03 2.952685654888848477e-03 1.229653487030334504e-03 1.257351652922284683e-03 3.089985995477741425e-03 3.197793076338189232e-03
7.290711384733218657e-04 6.709263365403189076e-04 1.756184922399812607e-03 3.873081470773645334e-03 6.510519012195653543e-03 6.227843521892824363e-03 5.113316968740052931e-04 2.473271276254841319e-33 3.946973823821729038e-03 3.732069329063558271e-03 1.288816868749123557e-03 1.231143868379656241e-03 3.726865480402484065e-03 4.358461938460864681e-03 2.378947603496866375e-03 2.441219529774513869e-03 3.043848997668911066e-03 3.085656134611855506e-03 4.923682167303238509e-03 5.040719685331859767e-03
3.974818723885842515e-03 3.802212715518982732e-03 5.271556940922680207e-03 3.401076994994458626e-03 4.937557782742363517e-03 4.512512733489063531e-03 3.707295315442012996e-03 3.006202272719791548e-03 1.477809889501741554e-33 5.444002839829450616e-05 7.251840750563781114e-03 6.774777071609214274e-03 5.418165875401704211e-03 5.412151115867997082e-03 2.025736025377829815e-03 1.502727185546836501e-03 2.519095521891627845e-03 2.216882465337318472e-03 4.586612626491775452e-03 4.230520551489480585e-03
3.865277384603355102e-03 3.593081948067471457e-03 4.548847888999838114e-03 2.821454344223281539e-03 4.046506978464684337e-03 3.504425947904702895e-03 3.466161222405866014e-03 3.016955574782582191e-03 8.846943967697130018e-05 7.861321301521830482e-34 6.323350777774778761e-03 6.306767671573803961e-03 4.925178620732911794e-03 4.704073397791784343e-03 1.538704227826992411e-03 1.142809234433516709e-03 2.443064165596372985e-03 2.186985317747796621e-03 4.215698701959069358e-03 3.589079631286073123e-03
2.405315671610575197e-03 2.425896752987489937e-03 2.623020376287530861e-03 6.731684925698028579e-03 7.391494860854064437e-03 6.864848930784722518e-03 2.368930820594440483e-03 1.397016750459172075e-03 3.341430354412579847e-03 2.834446386752640778e-03 2.070708438416274613e-34 1.627026213141409528e-04 2.741178260013393993e-03 3.005232147390120550e-03 3.046202817396738861e-03 3.782952388678225905e-03 4.736137365107010236e-03 4.497925331130192550e-03 4.124108759536396912e-03 4.518419178064459092e-03
2.435170899495079939e-03 2.440450364989904010e-03 3.178156829614879088e-03 3.157641512924580941e-03 7.729752246538493070e-03 7.264411045982004794e-03 1.816681888057978395e-03 1.775559947617316552e-03 5.730218405557995637e-03 5.425929135048734690e-03 1.326400142033534496e-04 1.855295410802678118e-35 5.320876111410991101e-03 4.559375438718817411e-03 3.911306728696737310e-03 4.889451593628265855e-03 5.873751909929751311e-03 5.798743150837740168e-03 5.454725685624031185e-03 4.923592918730216109e-03
2.258237512091045961e-03 2.357562512666843552e-03 2.265778771504226366e-03 1.699691881938102762e-03 6.376619505901021633e-03 6.130546056078328351e-03 1.524505305253564397e-03 2.943113440477203996e-03 3.511868339749458189e-03 3.381193920626213503e-03 5.561209194444044317e-03 4.785720832354479863e-03 4.095779345862765026e-32 6.566313031643072656e-05 2.690443597104773005e-03 2.024862602331250084e-03 1.986225737957176423e-04 2.540214191899851860e-04 9.747404147652398215e-04 1.155943689411496412e-03
2.570744030554399095e-03 2.598699504640471659e-03 2.639941379929342576e-03 1.490665801118321162e-03 6.155289853548337464e-03 6.096234352594464764e-03 1.867781443717037287e-03 2.974685314264673662e-03 2.878856175907347232e-03 2.913033727120525017e-03 5.371042756482076984e-03 4.692577094585160744e-03 3.141360815448490684e-04 1.566151977791450972e-33 2.545743606015856038e-03 1.975103732946605940e-03 3.193856764579499231e-04 3.223520793027237637e-04 1.000963763261034133e-03 1.133724925972283025e-03
2.788912657273583378e-03 2.189585886280005517e-03 1.584634876382183749e-03 1.794530803087134030e-03 1.162078652888141753e-03 9.303718864099015749e-04 2.388210941607761366e-03 2.852540004524815181e-03 1.434589543099296007e-03 1.361233831835921429e-03 2.073736418878774617e-03 2.248888972589434439e-03 1.673702223229108811e-03 1.715734051708706770e-03 3.229493252286167732e-34 2.328419003291605244e-04 1.410308673501337691e-03 1.435534237662427310e-03 1.069082543927055151e-03 1.260770642131565401e-03
2.411977216114596315e-03 1.937860998137554396e-03 1.594286138690402792e-03 2.075514559467455094e-03 1.413482456063523945e-03 1.180129602539303421e-03 2.223222407247904629e-03 2.321736584387336291e-03 1.497074500204246660e-03 1.449993571948019876e-03 2.345079570319316860e-03 2.324956253149077640e-03 1.591004637214944468e-03 1.601622085233015119e-03 3.125079756524515241e-04 3.073130155404786224e-32 1.299324589538197478e-03 1.349966116073976789e-03 1.159158370605976656e-03 9.844738478736311457e-04
1.815155032495043485e-03 1.923218105948811983e-03 2.965757400310878918e-03 1.679246530931166343e-03 5.966541403161217637e-03 5.740772181464498698e-03 1.426206827579687029e-03 3.062879148860510846e-03 3.532627455165159892e-03 3.375196094959598790e-03 5.599549152431609542e-03 6.002257969579576774e-03 2.315183334897659689e-04 2.740016170423961359e-04 2.389976944638675695e-03 2.046724063680843350e-03 3.423469044489642278e-04 3.992668990048144485e-04 1.133904878968673919e-03 1.321052719016737502e-03
1.903317446756974370e-03 2.022363449560916383e-03 2.793435312878005984e-03 1.618907731798483948e-03 5.971577776637987910e-03 5.730089670676826417e-03 1.401582275160063312e-03 3.143427510556502744e-03 3.394223218020264200e-03 3.120077978253203016e-03 5.338907353819257254e-03 5.817531121367643283e-03 7.636685527372991892e-04 2.987385326075174411e-04 2.413389915982741205e-03 1.774201846976356228e-03 3.692793608301685594e-04 4.428615389276358222e-04 1.154661872333595084e-03 1.376613716351918161e-03
4.027430752517491275e-03 3.561149713096678493e-03 1.600201122044162851e-03 1.200266526082689527e-03 1.751013107564620237e-03 1.721565589229994211e-03 3.292069104890161992e-03 3.504970164533794189e-03 2.352129384699171068e-03 2.128641992228920247e-03 3.329319079758617100e-03 3.514747786525822260e-03 1.100871038587270543e-03 7.686133922642359806e-04 8.398446429154073989e-04 7.708376265582898628e-04 1.463226775576122185e-03 1.459722095249273632e-03 9.332946218014399228e-34 3.659592566273048531e-05
4.133161003276305222e-03 3.494689400911830252e-03 1.484330043203163554e-03 1.128198353175619137e-03 1.470186775472063579e-03 1.528746471015804366e-03 3.479078165616652368e-03 3.486868558773166798e-03 2.533593220094754270e-03 2.268383401829127382e-03 3.381099577635687803e-03 3.912984428987404187e-03 1.319141329841036448e-03 9.042378908850535633e-04 8.330293483608678176e-04 7.501053344331028898e-04 1.667050119011201067e-03 1.618711862682682993e-03 3.926395196522096696e-05 8.356882176382437949e-34
