0.000000000000000000e+00 4.682116331580693895e+02 1.271675477009748829e+04 3.577216244089364409e+03 1.322573488799848519e+03 7.704004729050192509e+03 1.145668186830356490e+03 3.367689926782687053e+03 8.364283328665032968e+02 4.343424663351648860e+02 3.075703099122489675e+03 2.688726480741669548e+03 1.232409565215290968e+03 1.292316900090529316e+03 1.275468558004852184e+03 9.989495102276471243e+02 1.486954249932089851e+03 1.392532884127832403e+03 8.621085795529369307e+02 1.023870349510183701e+03
5.385207485349720855e+02 0.000000000000000000e+00 3.295134730147547998e+03 1.046378820294383104e+03 1.223380019194835313e+03 1.576703994308848451e+03 9.926215229549759442e+02 6.252406305394035826e+02 8.670453840374655101e+02 7.958076235241143195e+02 3.160894395708856337e+03 2.264159139816316383e+03 1.126787305301544848e+03 1.146985113557603654e+03 1.508999925343981431e+03 8.992009368199104529e+02 1.370025943051620970e+03 1.850246070086280270e+03 8.165689492613906850e+02 1.008467596045567234e+03
9.688303790215282788e+03 9.421978187541739317e+03 0.000000000000000000e+00 5.155203921026538410e+03 3.060341972506349066e+03 2.458519990235166460e+03 6.181060215591978704e+03 6.637574503564474981e+03 8.496580824205630051e+03 7.517669910787400113e+03 1.211083594713652383e+04 1.096847141079135326e+04 8.045396689548344511e+03 8.207779614376293466e+03 4.253516431932877822e+03 4.168712421470982918e+03 7.855437025937627368e+03 7.492740961694032194e+03 6.403856606300129897e+03 4.839694302382130445e+03
4.777234090818223194e+03 4.665349461967914067e+03 6.458410452956184599e+03 0.000000000000000000e+00 2.338648383686535908e+03 3.474516401892366957e+03 2.838542767127738443e+03 3.394310437006980919e+03 2.900867800857047769e+03 2.603156789029600077e+03 6.390936319638866735e+03 5.566485695758838119e+03 3.642369320768952093e+03 4.178613673614452637e+03 1.973444327558922851e+03 1.935941563408707907e+03 4.008612109598509505e+03 3.469889450083126121e+03 3.409005543281008613e+03 2.224247819061168229e+03
2.354029986592704154e+04 2.301864414995326661e+04 1.359001311960401472e+04 1.635398750209041100e+04 0.000000000000000000e+00 6.398791852591890347e+03 1.608185625190425890e+04 1.766918195051137445e+04 1.741014598647432649e+04 1.709341953240481598e+04 2.710332126831368441e+04 2.563124546471660142e+04 2.001582171265752186e+04 2.046366052753717668e+04 1.131549633915827690e+04 1.181368078662880725e+04 2.056549668466360163e+04 1.982871236987019802e+04 1.559522853171466522e+04 1.336982271058408514e+04
1.951538524841909748e+04 1.897249590661323236e+04 1.034016244313540665e+04 1.331087889765945511e+04 5.699833842252900467e+03 0.000000000000000000e+00 1.304671712357014985e+04 1.328911452797789934e+04 1.396622088800503843e+04 1.304666113266718457e+04 2.331831274347224826e+04 2.185771402447337823e+04 1.633605656761711180e+04 1.708297990222337103e+04 8.569071365191301084e+03 8.696821183944017321e+03 1.661731919679775456e+04 1.616886920099784038e+04 1.116785162092621795e+04 8.617418718241860915e+03
3.036160156507776719e+03 2.803910955459904017e+03 5.471629235145523126e+03 1.759013085401525132e+03 2.624212352130247837e+03 2.484511994988952210e+03 0.000000000000000000e+00 1.742702956140460628e+03 2.243404687647991977e+03 2.371667390503233491e+03 4.585913166631583408e+03 3.294146146997504275e+03 1.937494317239618567e+03 2.236683682396434961e+03 1.391111636042662667e+03 1.203335423217036123e+03 2.019507980354480651e+03 1.957770583686924738e+03 1.833095634738547233e+03 1.837270760456448443e+03
2.886583033345085369e+03 2.530387217498811424e+03 1.981718356333114116e+03 3.281884201393606418e+03 1.319277208841157744e+03 1.434472826927006508e+03 2.069383339192202129e+03 0.000000000000000000e+00 3.147184890300634834e+03 3.757017784271064556e+03 4.844870893041281306e+03 4.332825034597164631e+03 2.548707481367195214e+03 2.831702008509931147e+03 1.576499883559261207e+03 1.509566870802206950e+03 2.830484087317214289e+03 2.832932653863185806e+03 1.773483246853211767e+03 1.761706251506511762e+03
2.633751781037550245e+03 2.518320456386054502e+03 1.827888639953278471e+03 2.460406856827342835e+03 1.215393609273297216e+03 1.114001928043289809e+03 1.500971656080421099e+03 1.218801117131902856e+03 0.000000000000000000e+00 2.607715702387104102e+02 4.459044958470194615e+03 3.650561991166946427e+03 1.693360148030689061e+03 1.984177049393933203e+03 1.476870029229617785e+03 1.233808204502726312e+03 2.242404595366456306e+03 2.251856911837177449e+03 1.449154106483290889e+03 9.956543466448282516e+02
3.949920551691772289e+03 4.010649099620541620e+03 2.272009748572197623e+03 2.901629463908433991e+03 1.580746869861547566e+03 1.591510289753919324e+03 2.376710057492203759e+03 2.391125644733960598e+03 8.801457428321732550e+02 0.000000000000000000e+00 6.031975596071701148e+03 5.737371072336535690e+03 3.589470111780145999e+03 3.436526841821274957e+03 2.166592258317527921e+03 1.924584847048867005e+03 3.570048691669387608e+03 3.259697053286100527e+03 2.084514575163826976e+03 1.944456226613272065e+03
1.965199998637353929e+02 2.137385899370373750e+02 2.381109435078964452e+03 4.222499176831499881e+02 1.377864781798619106e+03 8.749111740155507277e+02 1.920998737185787206e+02 9.737612016755188904e+01 2.375687882306650067e+02 2.063524590549621678e+02 0.000000000000000000e+00 1.125973817562218358e+02 6.710561648899977172e+01 9.452756070769112284e+01 8.395156404542174187e+02 5.899848709248307159e+02 1.889913514765799789e+02 1.848882495179251464e+02 3.900850407638562842e+02 7.125025559406053617e+02
3.234850743906015964e+02 3.158277298049857791e+02 6.347859864076200438e+02 5.876848269745330526e+02 1.193320748378122744e+03 6.450502191926710793e+02 2.694948245316944053e+02 5.399590125134560594e+02 5.303247323782002240e+02 7.692255573614845616e+02 5.603523924850960611e+02 0.000000000000000000e+00 1.321750251120507755e+02 1.582017112924642106e+02 6.957327331032784059e+02 6.027692434804675941e+02 3.383259785356501652e+02 1.864842182830942932e+02 4.075950505529174279e+02 3.890786199479464926e+02
1.159657414750170801e+03 1.164303148981282220e+03 9.507260541892530910e+02 9.230984834056602040e+02 1.290583357186788589e+03 7.912144644499156811e+02 4.491739632704774294e+02 1.178009164674004978e+03 6.917590600715942628e+02 6.613196098681765989e+02 2.995752653825587004e+03 1.126897839276357217e+03 0.000000000000000000e+00 2.182853665749534002e+02 5.684662439138037371e+02 4.713137107424215628e+02 6.524861251567249383e+02 5.458182947335666313e+02 4.905176341756367719e+02 4.784386244140375766e+02
1.019628292629184898e+03 9.531595515620692822e+02 1.025297378313912759e+03 5.584906311858043409e+03 7.678944861086880337e+03 1.463124209513901860e+03 4.430276360245196656e+02 4.157700114951991054e+03 5.221996132855451833e+02 5.339121718015618399e+02 4.884827937030161593e+03 1.161314931624710653e+03 1.920767537349870793e+02 0.000000000000000000e+00 7.982353600458301344e+02 4.386024291465753890e+02 6.214989091914086430e+02 1.036929530328088276e+03 5.529360560337090646e+02 5.218114537269577795e+02
1.048305538357576188e+04 9.844443326637818245e+03 8.980317094237183483e+03 9.096652177883575860e+03 3.513520411103371771e+03 1.059721475088433908e+04 5.136219358131681474e+03 8.767609650616303043e+03 7.361684757289315712e+03 7.708680820941386628e+03 1.276369292546290126e+04 1.159363345787567596e+04 7.457497980864410238e+03 8.312716718621315522e+03 0.000000000000000000e+00 3.110826109374393127e+03 7.824326977502195405e+03 7.172381055499041395e+03 5.020711033336184300e+03 4.230787185341358963e+03
9.162911060497579456e+03 8.503213346461570836e+03 5.691321045962833523e+03 6.119592831634011418e+03 3.503698162030634194e+03 3.462350054648062724e+03 4.633591014142562017e+03 5.237677076891887737e+03 6.973118745328742989e+03 6.796469836656369807e+03 1.169971529452384129e+04 1.082373870061890011e+04 7.011674365986669727e+03 7.864023098045821826e+03 2.265641462077275719e+03 0.000000000000000000e+00 6.851893950855479488e+03 6.409217694289798601e+03 4.785833136797893530e+03 3.828666408605040033e+03
1.465271085446526058e+03 1.193816715319215746e+03 1.804895484832840157e+04 4.965023370884822725e+03 2.155809499984636204e+03 1.235560373709138366e+04 3.062014390311721286e+02 6.229431684641531319e+03 1.194719632992512743e+03 1.019225269694308054e+03 1.922711977112799786e+03 1.605826265342020179e+03 7.462557554664967938e+02 8.564005026548901469e+02 9.643843308978362074e+02 5.715313840057144716e+02 0.000000000000000000e+00 6.398626213111929246e+02 4.261802327675767401e+02 6.195518936658104394e+02
1.656423153133424876e+03 1.592719652452309674e+03 2.574187466916935955e+04 9.271568784416227572e+03 4.703131989527159021e+03 1.875352927652615108e+04 4.892905706804641000e+02 1.096148299553828838e+04 1.181641427923617357e+03 1.270005357672166610e+03 3.518682976047984084e+03 1.768009168332692980e+03 8.736586845023870183e+02 1.095426803437950412e+03 8.388390244955185153e+02 9.958971472030796122e+02 1.019873787944711808e+03 0.000000000000000000e+00 9.624708225536166992e+02 5.335568568111021932e+02
5.112027205401237552e+03 4.778125196939604393e+03 4.348127219795052952e+03 3.152107037745458456e+03 1.608304375534073415e+03 1.890552632508708029e+03 1.750504736974845855e+03 2.871566382605756644e+03 3.353177322812688999e+03 3.622708230838819873e+03 6.981270853068192082e+03 5.578645104685920160e+03 3.007488392977440071e+03 3.451310227358319025e+03 1.571053465100033009e+03 1.451278257976110808e+03 2.672791375355724995e+03 2.996301662669452071e+03 0.000000000000000000e+00 7.216625072437994959e+02
6.452087008347340088e+03 6.239512604194124833e+03 3.297704168983171257e+03 3.884293985902324494e+03 1.878409222358368197e+03 2.108777353038952697e+03 2.640534935240340474e+03 4.234786321384704024e+03 4.437276193488109129e+03 4.108399432046432594e+03 8.411783621184296862e+03 7.464575133704882319e+03 4.048979071451063191e+03 4.742988337488273828e+03 1.812551545046209867e+03 1.704523475263971022e+03 4.157688298062853391e+03 3.967313935646203845e+03 1.637287221983620157e+03 0.000000000000000000e+00
