2.873099245877984190e-31 1.516011676219603530e-04 8.491217655395635888e-04 7.023811470549835021e-04 1.073900839176100382e-03 1.024645398234643422e-03 4.742448813911539314e-04 5.002825835049715597e-04 7.191462611962228966e-04 6.878669618317444353e-04 4.165245141844785629e-03 2.374517580529024625e-03 5.715164628778316531e-04 7.344731728479794459e-04 8.446509406140530760e-04 7.898238011421023549e-04 4.568190990424846271e-04 4.391692675692049613e-04 8.408893812860093221e-04 8.641091751798364064e-04
1.532008539543825592e-04 4.846326043173660633e-31 6.222009110134617705e-04 5.843238944085850459e-04 9.314148291393239141e-04 8.946937531706498784e-04 4.238760810678695451e-04 4.111111894691066109e-04 6.547939921631382989e-04 5.900022047139649164e-04 4.584911314053190245e-03 2.604156873180094034e-03 5.690281295453921686e-04 7.506251517102170787e-04 6.803743596625399593e-04 6.175662088725667603e-04 3.801995284239305991e-04 3.549283307866149648e-04 6.575740040801752876e-04 6.960071582367006581e-04
1.260881092057347360e-03 9.237811682141951067e-04 7.671650207450466763e-05 1.742257799034267448e-04 1.146257552766116191e-04 1.077556000006357241e-04 2.357453929256846244e-04 2.879592928700134636e-04 9.696712605889839512e-04 7.044352331518130691e-04 6.481633233064761600e-03 4.332027705705762503e-03 9.049240117332254868e-04 1.203604196771934295e-03 9.351748873673794882e-05 1.092166620360134185e-04 6.377603125353600248e-04 5.639438173331369529e-04 1.467626933443360617e-04 1.238076737008811086e-04
1.058850637542189466e-03 7.619836774806562499e-04 1.728748103969274870e-04 1.530584192097828921e-30 2.968217052033363286e-04 2.817859062717124603e-04 2.462445657189814350e-04 2.270774348848437747e-04 7.728364819245190070e-04 5.925193124874242930e-04 5.562539348697499719e-03 3.621901922972847309e-03 6.726876064463115090e-04 9.135431784772835755e-04 2.389810150329791012e-04 2.236976749485597394e-04 4.377815912548087187e-04 3.895860807292517679e-04 2.281347737497186018e-04 2.223438034427345793e-04
1.676947489940389720e-03 1.266294754906539897e-03 1.473166631561502297e-04 3.633820250532882588e-04 1.999938741222853132e-32 2.891863621075025715e-05 4.445468762625203168e-04 4.802162971545238584e-04 1.332317508858045074e-03 9.984584441265721352e-04 7.538451124835459510e-03 5.305263582521890266e-03 1.286321398695825262e-03 1.621344406345406365e-03 7.909659486224229915e-05 1.087160991838631970e-04 9.510752596822443601e-04 8.608600400388461207e-04 2.262649766987569200e-04 1.549861020598966631e-04
1.592498340840193226e-03 1.200722601702266775e-03 1.433110899218658220e-04 3.408342903071190388e-04 2.034528451380813199e-05 1.172947997236999937e-32 4.266363492127308210e-04 4.493329746600095340e-04 1.260932514485252126e-03 9.374111116875244367e-04 7.352465970710406022e-03 5.149523456494497185e-03 1.201345263012270747e-03 1.548110608144156889e-03 6.961399593754356179e-05 1.009891593204188147e-04 8.887993644636942633e-04 8.058721633985254078e-04 1.988604501817793635e-04 1.437797010737813515e-04
7.857539400963264517e-04 5.682293094345074874e-04 2.012399029081714090e-04 2.272212951667650516e-04 3.767301370995091879e-04 3.580789210120420866e-04 2.532554875554382018e-32 1.475734294569608428e-04 7.138891407444163334e-04 5.645122664985549729e-04 5.202499675410577479e-03 3.364608602887710076e-03 5.762019284548758422e-04 7.474741587253234997e-04 2.667222696960074415e-04 2.427082813994419234e-04 3.983097893124505889e-04 3.184337699067603801e-04 2.294275039759874184e-04 2.558722824840548439e-04
7.132730206405651571e-04 5.457686739538601369e-04 2.603625240211596202e-04 2.299492203290556900e-04 3.676277501258422287e-04 3.420528732848775416e-04 1.350557383643181193e-04 4.414152752844865252e-33 4.953707143292223692e-04 3.879848075148881995e-04 5.019562249157416903e-03 3.339673450588553482e-03 5.848204852959399368e-04 7.972070300598780614e-04 2.646886332439622692e-04 2.440201327069885305e-04 3.641527018311197157e-04 3.274159949508692602e-04 2.596233473514998353e-04 2.721882362785009186e-04
8.135169131085025684e-04 6.737956188965395221e-04 6.353366225651447445e-04 5.112184566323683347e-04 9.707416534777283182e-04 9.118597074198929540e-04 5.600917673120519788e-04 4.726659649238124442e-04 1.151330149605576875e-29 1.758651998358138691e-04 3.786825371491403351e-03 2.562954020306963242e-03 3.212285044938079570e-04 4.215023068092655246e-04 7.690119935475614975e-04 7.084844259416194336e-04 4.408787497697737898e-04 4.530373176670373075e-04 5.535013282231708359e-04 6.152634334518439782e-04
8.958140620686990156e-04 6.960066960873925778e-04 4.800095248439156608e-04 3.866080837652490594e-04 7.241108092234678885e-04 6.793664088320021475e-04 3.690793133992342117e-04 4.123716681102954670e-04 1.753915218181212126e-04 1.672337144734527739e-29 4.246974673167096433e-03 3.031478082714687307e-03 5.171199247423841419e-04 6.534580694619580941e-04 5.947964763671189032e-04 5.362828774713534032e-04 5.311039466705501106e-04 4.567205178554949543e-04 4.405924076395839389e-04 5.044535894258705012e-04
2.110435454192964404e-03 2.280591809337566365e-03 3.808629774553654295e-03 3.360772314723113607e-03 4.486663899674672544e-03 4.384882703270258537e-03 2.695673218603355462e-03 2.710932173775663662e-03 2.086416560017625380e-03 2.241295151112245032e-03 6.046190596174803978e-30 1.309397730711249659e-03 2.463211461830295667e-03 2.325795303374633867e-03 4.000568160794399850e-03 3.878188144219149071e-03 2.587209635457695181e-03 2.692666627159287420e-03 3.674144315335528370e-03 3.849864238689888751e-03
1.398982115184026600e-03 1.511201626790931868e-03 2.655443566386111575e-03 2.377416743557862235e-03 3.209274192211697321e-03 3.113136934397166267e-03 1.772979990295320404e-03 1.702280763200917204e-03 1.686245259452423800e-03 1.910653104217884327e-03 1.453338542708580315e-03 1.048444825646659115e-26 1.517857368268727422e-03 1.188611189493945499e-03 2.813407818501349571e-03 2.758576134313140034e-03 1.716993387557823715e-03 1.725730430614199435e-03 2.541702792134643753e-03 2.680391236597427698e-03
6.328232541635061279e-04 5.370978178718438696e-04 5.610475221806306145e-04 4.633720195831998430e-04 9.778515559290374640e-04 9.283331784729910961e-04 3.777339418546871749e-04 4.357267186863405780e-04 5.343435106996086365e-04 4.968246009444371013e-04 4.160237077637339055e-03 2.571093467090721993e-03 1.595975842090878872e-28 1.441870895770984721e-04 7.612072288924897788e-04 6.974306065203381534e-04 2.788565604812850963e-04 2.879229091454854833e-04 5.404405833693330880e-04 5.966943125517052641e-04
7.355872639154385512e-04 6.036524165287979844e-04 7.677064600140707249e-04 5.381985373188272756e-04 1.140493448959359725e-03 1.088888841908759167e-03 5.488133472775214017e-04 5.749124866886088075e-04 6.096298416793229048e-04 6.266799256123077155e-04 4.333106055539452141e-03 2.083680313043498756e-03 7.457808350933684579e-05 1.656577312758298633e-30 9.045574739052978774e-04 8.196013200766845462e-04 3.156601053841238415e-04 3.961797384232242352e-04 6.612738485176405728e-04 7.508800946940747323e-04
1.362246962435207818e-03 9.905818461724987499e-04 1.225713407205840735e-04 2.820394047582505583e-04 7.573305618905743668e-05 7.122749156062697484e-05 3.122759438347621781e-04 3.389041521068057814e-04 1.090391779690527002e-03 8.106655039781183710e-04 6.840713487013719285e-03 4.742699184523512315e-03 1.024163765500460789e-03 1.323395732975433383e-03 2.042785941646690520e-33 2.898035738246871178e-05 6.970734728624278015e-04 6.448347651021060735e-04 1.446696955183218573e-04 1.056998120470111283e-04
1.266831795118780225e-03 9.121376391582220475e-04 1.283010668724491102e-04 2.583903484890310871e-04 9.308556259251301581e-05 8.758998616892182401e-05 2.843421398271934802e-04 3.228095748254603621e-04 9.839827123170965823e-04 7.309448549485960496e-04 6.632881269908826385e-03 4.622167920057570871e-03 9.472479380164787466e-04 1.229384506259642530e-03 3.343118890759339050e-05 1.765924907896355955e-31 6.492275736676241969e-04 5.589171838956066710e-04 1.486429000217752514e-04 1.091363073444504066e-04
6.600361605263582862e-04 5.161620671822102300e-04 4.769844889771583641e-04 3.427830143996005857e-04 7.196520018485018074e-04 6.816454941617892168e-04 2.474676383345440441e-04 3.155227469363336857e-04 5.001041078016145534e-04 5.139282639370027633e-04 4.520173512004573881e-03 2.687209136431478827e-03 3.115871324786660549e-04 4.361124573886649759e-04 5.511971298366449227e-04 5.003332701533718362e-04 1.220581418358940802e-29 1.133129560979808450e-04 4.004226859065183192e-04 4.373769269591044266e-04
6.277851513591331881e-04 4.833005494484862046e-04 4.267344342039796940e-04 2.980543250589755212e-04 6.532612658402180356e-04 6.136804086474135621e-04 2.380075984019030752e-04 2.696271976968482977e-04 5.491955557612833915e-04 4.731896542011868197e-04 4.785330419248655723e-03 2.742253964721254756e-03 3.210240662558198899e-04 4.874685805470116299e-04 4.931160417421268311e-04 4.211945514987237025e-04 1.500236276289058479e-04 5.360004956050106921e-30 3.463539541863519295e-04 3.711782116149577645e-04
1.150733455619042198e-03 8.165310621573991338e-04 1.396175718989975888e-04 2.403618066984605794e-04 1.943397499703404931e-04 1.747293425290507099e-04 2.418004282458744130e-04 2.894561203503169533e-04 8.592043560534117115e-04 6.518071319584462474e-04 6.192978325605484440e-03 4.206068172386655604e-03 7.461857272677907072e-04 1.015535285139510012e-03 1.219721685151701107e-04 1.178226402853715411e-04 5.317039339783126732e-04 4.645987577704645808e-04 1.641901773036279830e-30 9.392317956407818084e-05
1.245152783065095210e-03 8.951940108592497869e-04 1.146020490785147421e-04 2.528389428337245799e-04 1.370847602692595662e-04 1.282132076323609714e-04 2.788501041763248763e-04 3.053070596934821953e-04 9.586080520166895746e-04 7.344289067346595470e-04 6.463270304149299622e-03 4.420631417923361235e-03 8.524123119167995553e-04 1.129505948560415810e-03 9.461149015983025148e-05 9.021657761202020345e-05 5.876851134512900377e-04 5.046602205286243158e-04 3.930379471227089805e-05 8.166250061986712659e-31
