0.000000000000000000e+00 1.525928306042241729e+03 1.260009052122796493e+04 5.125075943023201944e+03 1.669485893677393960e+03 8.251743992227486160e+03 1.853135667769769043e+03 5.272154303870162039e+03 1.851362322154835056e+03 2.576741760680203242e+03 4.312813683156964544e+03 2.759164384903300288e+03 1.844821253288134130e+03 1.974833875265962433e+03 3.027081150707601410e+03 2.065087071349375947e+03 2.171034801126496859e+03 3.538283767827206702e+03 1.545294353612126997e+03 1.922362580256706678e+03
1.434935340590501710e+03 0.000000000000000000e+00 2.088789106292153519e+03 3.671267377362196385e+03 2.193089862274253846e+03 2.604902914661357045e+03 1.902079301843039048e+03 3.060817711748509282e+03 1.624760427708504039e+03 1.775951833716204646e+03 4.952830916353987959e+03 3.210531796006176137e+03 1.678908932390915425e+03 1.986492619964018786e+03 2.565576409434251218e+03 1.083490020477187954e+03 2.008643822947303306e+03 3.439720886692411568e+03 2.498808065742977760e+03 2.172329312220516385e+03
1.297638368492389054e+04 1.296855140342761842e+04 0.000000000000000000e+00 1.187718573879463474e+04 6.246038997198913421e+03 5.195487471387637925e+03 9.267078125398711563e+03 1.011250131686844179e+04 1.163904631322555542e+04 1.488057722963197193e+04 1.504735731642550309e+04 1.175205028071302877e+04 1.125045330991420269e+04 1.137173788638995029e+04 7.607808345974613985e+03 7.438471516524642539e+03 1.207883186863617448e+04 1.113666600961419681e+04 9.687821605319399168e+03 8.636799874490679940e+03
5.874578132803212611e+03 5.890080750933840136e+03 1.431317629061148182e+04 0.000000000000000000e+00 4.146764647528934802e+03 8.062332957601091039e+03 4.042822039504487748e+03 5.961568863940199662e+03 5.235934648440602359e+03 4.927777705670816431e+03 8.308550046047126671e+03 6.972977343271680184e+03 5.493736461835307637e+03 5.568089911249263423e+03 3.618664970013859602e+03 3.957729669397169801e+03 5.790616593448010462e+03 5.082486027745400861e+03 3.952583595173870435e+03 4.462273001915325949e+03
2.693333500495515545e+04 2.601853985492056017e+04 2.457535760676255086e+04 2.348153716252700178e+04 0.000000000000000000e+00 2.173353145750278418e+04 1.886786990275565040e+04 2.695902830224404897e+04 2.483573486901598517e+04 2.583342668273557501e+04 3.079668348017936296e+04 3.028369619950839115e+04 2.671330585021594015e+04 2.616890611825310771e+04 1.631025574112945833e+04 1.916157705615012674e+04 2.658050476770748719e+04 2.373725160727484399e+04 2.064057922641537516e+04 1.813200360574992374e+04
2.139557177284854697e+04 2.044376512655147599e+04 2.083017118817312075e+04 1.848498362707802517e+04 1.400833430540630434e+04 0.000000000000000000e+00 2.006001719046972721e+04 2.238910184825025499e+04 2.474485998660440237e+04 2.292608417170776011e+04 3.100845522381258706e+04 2.925652950601250996e+04 2.322747446233266965e+04 2.193563393887332131e+04 1.356189267841604669e+04 1.674800488877116004e+04 2.234419737202199030e+04 2.427032416320996344e+04 1.802179467770086558e+04 1.504890234762079854e+04
3.288295430674428644e+03 3.119967032189583733e+03 6.669639785331813982e+03 3.011934549482805323e+03 4.769707947960786441e+03 3.277642028888843925e+03 0.000000000000000000e+00 3.887072437916924628e+03 3.134572269066974968e+03 3.419757617295942055e+03 4.875226853943648166e+03 3.574663035819080505e+03 3.013873981522615395e+03 3.045715348575432927e+03 3.634202525789823085e+03 2.799992221303726183e+03 2.972697103185900687e+03 3.120605399596606730e+03 2.375463505120686932e+03 2.413967082720897452e+03
5.622752016167403781e+03 5.754466288000518944e+03 5.110420519278684878e+03 4.589808734039439514e+03 3.509159279506984149e+03 3.147263149627948678e+03 3.405379389736940993e+03 0.000000000000000000e+00 6.107759499448976385e+03 4.932564646784743672e+03 5.531522148480009491e+03 5.248940966613735327e+03 3.837242032908306101e+03 4.353453875691961912e+03 4.993148123222194045e+03 5.214381317300552837e+03 4.496540251554233691e+03 4.381570110804084834e+03 3.034233145769440398e+03 3.408248244787560452e+03
3.825113446494582149e+03 5.625317171796448747e+03 3.478714083752408442e+03 4.037013451029489261e+03 2.915423611681739203e+03 4.176620102928955021e+03 2.319717254858033357e+03 3.169314425851304804e+03 0.000000000000000000e+00 2.647475552902037180e+03 4.998386224131590097e+03 3.819887165959023605e+03 2.321594028141194485e+03 2.924294247056741824e+03 5.610373483900612882e+03 4.235838342414066574e+03 3.455042625912153653e+03 3.007849893047744445e+03 1.879038620843406306e+03 2.459717779405770671e+03
5.595213056076141584e+03 5.490287362508665865e+03 5.237528390240869157e+03 5.188636108368138594e+03 3.690135348111456551e+03 4.830466951833590429e+03 3.805598190397678991e+03 6.593607025991595947e+03 1.916535521524282331e+03 0.000000000000000000e+00 6.551345658485926833e+03 6.282153867756500404e+03 4.472214865703648684e+03 4.848503935380282201e+03 5.318101019728938809e+03 3.242020152701370534e+03 4.639120735072912794e+03 4.473375379630001589e+03 2.931080528368182058e+03 3.307967598147112312e+03
4.301765342630210966e+02 3.771600021747834148e+02 2.052134362336740196e+03 7.920943880065912026e+02 8.922110750246029056e+02 1.132259253461911158e+03 3.698767768050996665e+02 2.861342551445646905e+02 5.700585417817725329e+02 4.370768996719127699e+02 0.000000000000000000e+00 2.064314164208772127e+02 1.413159965947144485e+02 1.178453583874306361e+02 1.603413491764752962e+03 5.916318539434070090e+02 3.297330252883028834e+02 4.970314152454033660e+02 5.232885698539482746e+02 1.287614513909098150e+03
4.357442595891270116e+02 3.632846647168111645e+02 9.492955033071085609e+02 1.299073190571403757e+03 8.417663838526606241e+02 7.869328307175660484e+02 3.655931941423983744e+02 7.207029657312024256e+02 6.365509385612680262e+02 1.479825018804329829e+03 6.375560225843771605e+02 0.000000000000000000e+00 3.368516322695131748e+02 1.996814764554600288e+02 1.468021035465283376e+03 6.532173319275718768e+02 6.312541214886381340e+02 3.794050984323021112e+02 6.393602371708706187e+02 1.305706050049890564e+03
1.390108579767798574e+03 1.411437499915035460e+03 1.778697973318179947e+03 1.474664876553878912e+03 2.423592278194331357e+03 1.464767432249648209e+03 8.255565435155606338e+02 1.524260611876753501e+03 1.340843933406988754e+03 1.556601097926564762e+03 3.108814693619890022e+03 1.539016140399438882e+03 0.000000000000000000e+00 5.071486298068874135e+02 1.813832391748683676e+03 1.233698694384212558e+03 8.739927543265839631e+02 8.044750926621718463e+02 9.187524566616885977e+02 1.201206695223555244e+03
1.360778322216120841e+03 1.072187391112721798e+03 1.155156354243115629e+03 9.088420624160386069e+03 7.463873890879493956e+03 3.651852510313146013e+03 6.316773995686099852e+02 3.603402567870856274e+03 1.241088932378247591e+03 1.547618497755409862e+03 5.218413078640546701e+03 1.230328472833768501e+03 2.776920094170866946e+02 0.000000000000000000e+00 2.401571828339609056e+03 1.485078133302961760e+03 8.357499897706900356e+02 1.230321481648356666e+03 9.008553147190799564e+02 1.362535797680465294e+03
1.445474172186979558e+04 1.447422341981459795e+04 1.769836520741620552e+04 1.395377322828675096e+04 1.005222029169373127e+04 1.787029694857499635e+04 6.353657091084468448e+03 1.561673758120687853e+04 1.150616843570048513e+04 1.321324963512468457e+04 1.316798307628768816e+04 1.189885795554375181e+04 8.955962266771819486e+03 8.841302150587411234e+03 0.000000000000000000e+00 5.643704073880097894e+03 8.404806253562861457e+03 9.151279260560198964e+03 6.288910266330264676e+03 6.134900510190422210e+03
1.195697300545940925e+04 1.257346042403023239e+04 1.078998308693177751e+04 9.740330438543334822e+03 7.473856416829868976e+03 9.131258375602568776e+03 5.775455665463072364e+03 1.129273526183346803e+04 9.792414490172199294e+03 9.932527006596130377e+03 1.215479517028398004e+04 1.067368755312667599e+04 7.100692263444907439e+03 8.372369607436836304e+03 5.527350771173219073e+03 0.000000000000000000e+00 7.467595107992130579e+03 7.507345084413261247e+03 5.980563867169918922e+03 4.298809457351874698e+03
2.050003792897059611e+03 1.509656810442172400e+03 1.737325088680563204e+04 4.728940047588926973e+03 3.439634388850569394e+03 9.881836184424446401e+03 6.926978818526785062e+02 7.294278865077332739e+03 1.886552406986341339e+03 2.504503975470854584e+03 2.347962748317579099e+03 1.664486900598103148e+03 1.083483548623413753e+03 1.172470510804092555e+03 1.637560012823798388e+03 7.763034071929007496e+02 0.000000000000000000e+00 1.055500043254990032e+03 8.450008057269118353e+02 8.656925249409160870e+02
2.223227403751615384e+03 3.165351143613587737e+03 2.502375693882460109e+04 2.601056331510736982e+03 5.078871483092731069e+03 2.817677944394334190e+03 9.049846246079293905e+02 1.286742870712218792e+04 1.691867974822102497e+03 2.436271464411400302e+03 4.114593381942866472e+03 2.084472194168566148e+03 1.411661934877891781e+03 1.326903103669987786e+03 1.219614747406719971e+03 1.779768128317854689e+03 1.452135593227550089e+03 0.000000000000000000e+00 1.247990178273783840e+03 9.397829171741648224e+02
6.008853736354286411e+03 6.327673883496479903e+03 9.022372235113187344e+03 5.787710107686818446e+03 3.987072127701458157e+03 3.689382573190769563e+03 2.707606187536989182e+03 5.335836671658802516e+03 5.382263982722511173e+03 6.694317526886649830e+03 7.935241683528697649e+03 6.621763037094465290e+03 4.308195742206279647e+03 3.912811899023724891e+03 3.570370316280766929e+03 2.617028727239187447e+03 3.747695335535065169e+03 4.214177924477751731e+03 0.000000000000000000e+00 1.620878386714108956e+03
8.179845459401816697e+03 7.971782160804763407e+03 7.242947706578926955e+03 5.818034434606996911e+03 5.368627179376284403e+03 5.662471787218494683e+03 4.066197009425241504e+03 6.919377442204620820e+03 5.960884279944047194e+03 8.802981769932401221e+03 9.639600227444101620e+03 8.221437663492912179e+03 5.531467082067688352e+03 5.147244018976946791e+03 3.684994909419396663e+03 3.320560703080888743e+03 5.825937078025059236e+03 5.209929231139300100e+03 2.619978581476850195e+03 0.000000000000000000e+00
