1.652408911969616609e-33 1.565150896254638446e-04 2.028034972729554197e-03 3.729689631583970027e-03 4.926140688792515071e-03 4.647237905407003954e-03 6.778791661112583671e-04 7.067184499941162480e-04 4.861106833280714849e-03 4.604568160729479061e-03 2.126878091983006730e-03 2.173430184646859935e-03 2.145344580421986065e-03 2.712832148763569696e-03 1.753551103293191169e-03 1.588356643600571461e-03 1.372194210892381657e-03 1.368529862754318781e-03 3.209126423799745810e-03 3.558697414978737126e-03
2.218801671268737382e-04 6.824310787724471359e-34 1.703512580027920784e-03 3.054881011851679536e-03 4.212574126550858514e-03 4.035484080400416999e-03 9.376966223453317515e-04 8.850314185638449242e-04 4.519580634794707723e-03 4.293634521899920148e-03 1.657109844385955396e-03 1.804013256810778516e-03 2.091734580921238672e-03 2.558215861705133432e-03 1.435499326413331497e-03 1.288292289858450736e-03 1.314384036315621122e-03 1.244786362168101828e-03 3.002322994895872260e-03 3.202182322209054608e-03
2.770566195469660771e-03 2.508810692081978305e-03 4.973398134140442153e-34 1.436380878113043772e-03 3.753629222724347292e-03 3.626397158657163750e-03 2.194226955215435471e-03 2.421332227816827467e-03 4.636181785902044467e-03 4.036249262606752750e-03 1.953286838037744926e-03 2.716555502356624886e-03 1.580136573293500560e-03 1.474299186300686345e-03 1.659959994335497967e-03 1.581579377995206157e-03 1.541313055026465690e-03 1.774551697273067273e-03 1.440980189612889317e-03 1.223777763235566873e-03
3.644535471434104390e-03 3.210592334654684566e-03 1.589350566951435459e-03 3.078034778893910632e-03 3.891455172779065188e-03 3.860886941330716072e-03 2.916961074923331895e-03 3.133023209796724669e-03 3.023548588977093693e-03 2.997639759452003748e-03 3.923345852822833144e-03 4.436334285138158855e-03 1.368086970296811342e-03 1.226640114545697992e-03 2.090523350860154245e-03 1.174176584482232661e-03 1.815942556660559305e-03 1.845578351897369596e-03 1.130173116785338286e-03 1.119745037014705218e-03
6.937520896701926225e-03 5.546053579252651494e-03 1.375139872736563622e-03 1.822536254011946277e-03 1.088684724270551389e-34 2.704689039361686398e-05 5.179565989913004556e-03 4.881883520878585112e-03 1.066438155751968462e-03 9.973647607576039808e-04 2.216790211737677038e-03 2.188345484668763850e-03 2.343689670735749422e-03 2.004030910933733353e-03 9.337749054033295205e-04 1.118509078856487048e-03 3.452997137477637965e-03 3.427817175910186694e-03 5.785413219088008470e-04 5.864241085046292129e-04
6.564447639801133244e-03 5.252381069992843529e-03 1.337088191073791286e-03 1.967778144927363401e-03 2.669600960267801745e-05 1.670364248207020890e-34 4.724754065530419045e-03 4.586660314920018230e-03 9.471814433651575861e-04 8.334532700181890730e-04 2.080013452540486335e-03 2.015447061749267663e-03 2.070253250649566838e-03 1.871864772003527071e-03 7.989952775820221903e-04 1.049417154771946315e-03 3.141195740997069098e-03 3.109757901701122075e-03 6.340501408032856324e-04 5.376667492883538142e-04
6.603115892306013913e-04 8.350151298823285662e-04 1.756019181379194589e-03 4.389901220119244753e-03 6.373161019490182488e-03 6.334335627185775502e-03 2.020120039282215586e-33 9.454104489549767544e-04 6.541957360204454092e-03 5.989148251990288573e-03 2.327763212094742431e-03 2.291208566053705518e-03 1.872518923128556334e-03 2.371953532515596718e-03 2.846049476945591329e-03 2.911668293872495851e-03 1.299545849709173723e-03 1.275027830496427679e-03 3.093858420677751426e-03 3.164093966395438700e-03
7.238145313342333716e-04 6.817883054397187769e-04 1.755087872398801213e-03 3.332896415512998697e-03 6.465774158058729820e-03 6.166791753250275981e-03 4.870096496453326989e-04 2.473271276254841319e-33 3.895810915187190339e-03 3.686145561420375947e-03 1.288618959120703704e-03 1.224634596157983708e-03 3.260249559281555749e-03 4.354914483723938169e-03 2.176098174625414831e-03 2.143143492320738128e-03 3.227669625440954520e-03 3.225027268285974701e-03 5.119991950633641202e-03 5.186374650065361455e-03
3.806631640892857871e-03 3.672992823390573529e-03 4.353494110917675505e-03 2.895552232626914281e-03 4.900001046382732039e-03 4.443609462891268992e-03 3.565944262852629564e-03 2.999084434032156087e-03 1.477809889501741554e-33 5.426543267942623310e-05 5.711175868151944189e-03 5.913160536048423302e-03 4.674792841213574156e-03 4.336809425859950232e-03 1.902874043657490962e-03 1.445573083754481342e-03 2.664580366894142831e-03 2.297205143212590738e-03 4.384219007559663796e-03 3.636314249703893713e-03
3.786036087787757101e-03 3.540484094178956726e-03 3.768965409058305880e-03 2.422868099983569931e-03 3.928629563316676614e-03 3.445197720508798994e-03 3.371656829918264538e-03 3.015658266531320505e-03 8.947166577425815003e-05 1.424764372965286361e-33 5.091112950280084724e-03 5.591831746713240951e-03 4.286887111093663424e-03 3.949606982660741443e-03 1.414408845393491784e-03 1.088274352857083365e-03 2.569835615182348119e-03 2.247722292845178837e-03 3.759480677800357013e-03 3.290765071101219279e-03
2.405907235568205665e-03 2.433989567310119138e-03 2.608232935356007316e-03 5.575149495684694409e-03 7.366781783963095159e-03 6.842182641729254410e-03 2.343851519008250534e-03 1.311816303315904448e-03 3.338482953527880173e-03 3.270066927034146354e-03 2.070708438416274613e-34 1.553320553023176530e-04 2.448851701127417128e-03 3.407488415505784476e-03 2.840373909663957211e-03 3.158991572174545907e-03 4.689392672077521800e-03 4.284978805598159413e-03 4.148020189170942458e-03 4.405894563837325396e-03
2.440136856526981153e-03 2.374715608170791404e-03 3.305297799285039639e-03 3.934667204235410901e-03 7.972364807305291207e-03 7.222532316392903454e-03 1.810389684767533180e-03 1.709654784352237795e-03 5.045993106716843181e-03 4.771952701065932181e-03 1.337630338766686007e-04 2.492648447818521656e-35 3.257786826535461963e-03 2.902002894734046715e-03 3.577714847953474865e-03 4.537441217375428985e-03 5.942740933703695265e-03 5.807823194641460220e-03 3.718430973128121052e-03 4.084868994868878431e-03
2.257690933243592778e-03 2.372351054217348900e-03 2.209826874803195399e-03 1.703411408413900516e-03 6.238125067154616683e-03 5.980490976656804673e-03 1.486552126713330075e-03 2.683308680589423494e-03 2.752167504975677834e-03 2.875761490995159143e-03 4.097796644109380319e-03 4.356963917907278119e-03 4.095779345862765026e-32 5.731075300691558863e-05 2.669364850671140325e-03 1.967163435909061956e-03 2.107629774092443055e-04 2.269171479895584699e-04 9.783004677540866386e-04 1.170633685328066782e-03
2.569163646854189745e-03 2.606332421966558316e-03 2.651869235003249774e-03 1.509591338320946143e-03 5.969191312943158793e-03 5.861967108942029922e-03 1.801165371208582290e-03 2.908246271624721595e-03 2.122940277166111053e-03 2.051461832895430226e-03 4.233066651163588066e-03 4.197131125666437104e-03 3.661307390813043966e-04 1.566151977791450972e-33 2.491727642286130969e-03 1.934093925827175134e-03 2.971798368882311954e-04 3.221154431308879290e-04 9.690803456665423579e-04 1.117635597176430337e-03
2.805459125059998546e-03 2.196709401831939933e-03 1.405179399554831818e-03 1.747109082679224740e-03 1.142079151019281119e-03 8.970575990399433418e-04 2.344862737199806049e-03 2.792134931768259706e-03 1.263591350662499578e-03 1.222458899588599844e-03 1.671309293520829766e-03 1.757152397899873096e-03 1.370191858895003934e-03 1.279471520825236578e-03 3.291065185404061526e-34 2.297002103120879485e-04 1.377731803834440077e-03 1.423879137069739313e-03 1.130138432241158380e-03 1.313023571827421319e-03
2.422673157437135998e-03 1.920652551220814993e-03 1.432640762963526340e-03 2.121709153949073810e-03 1.413223344089106510e-03 1.195513745812685526e-03 2.203127306071403068e-03 2.251459883920469730e-03 1.353993732939893190e-03 1.337257033774167823e-03 1.813760305560994240e-03 1.915084017917889018e-03 1.363256621734231563e-03 1.178015543280092709e-03 3.060021438847034024e-04 7.173473590878603070e-33 1.292469175378851282e-03 1.368700236681611414e-03 1.107219697138431399e-03 1.005214029270171073e-03
1.804448813042491134e-03 1.967001134455857378e-03 2.939821405449823035e-03 1.689616057025284356e-03 5.850121438311909998e-03 5.805784522162024154e-03 1.397029855955180585e-03 3.123892212667275792e-03 3.001691152222443325e-03 2.764829100074983354e-03 5.008160419355881833e-03 4.959022522871627502e-03 2.324967848975571913e-04 2.757598890859099157e-04 2.510734309943626029e-03 2.247205874147778417e-03 3.108863844545116471e-04 3.699347071032088163e-04 1.141241648059183010e-03 1.331978078959962421e-03
1.898824833256581050e-03 2.029610246445092032e-03 2.744925166604143298e-03 1.638188023973904950e-03 5.864715206609185001e-03 5.740481889913310112e-03 1.403156414276194750e-03 3.040953063033586482e-03 3.041006063183032335e-03 2.854545336137132884e-03 5.007551101774702224e-03 4.553596133186195612e-03 7.367758539351175560e-04 3.006407686918591564e-04 2.544880345071839391e-03 2.068310145933702909e-03 3.580422192746024750e-04 4.160967376588914574e-04 1.159979337264665199e-03 1.388657148818031204e-03
4.023490776063682293e-03 3.497269247435880277e-03 1.551003169859860569e-03 1.171769089751896042e-03 1.648355545451714397e-03 1.662020312374106563e-03 3.069989089243092481e-03 3.239589736772301339e-03 1.508351604183250311e-03 1.342661810522883170e-03 2.148238239133621989e-03 2.694573556666773027e-03 1.101927755455882254e-03 7.678907341657549047e-04 7.430270959463195195e-04 6.886326674440288679e-04 1.470531893908509245e-03 1.465646001284950581e-03 9.332946218014399228e-34 3.661297885078295501e-05
4.129287013743836512e-03 3.486796782628593782e-03 1.345364272723480236e-03 1.105537037044437149e-03 1.356889952593007525e-03 1.390785815399259032e-03 3.259507200166620721e-03 3.183487560217142676e-03 1.694718246341569761e-03 1.576032783928335004e-03 2.740441857918396191e-03 3.020300893457882833e-03 1.245304914957002553e-03 8.964488836427677828e-04 7.378835930753843177e-04 6.780955105531306752e-04 1.689989366296609829e-03 1.628127193631509744e-03 3.955307392087822687e-05 2.524601222170771567e-35
