4.752870220703991292e-04 4.188343862155726339e-04 9.386883117962008596e-04 6.402164355724430066e-04 1.236233892558638321e-03 1.155849556172975972e-03 4.838955446039781534e-04 2.928677584695210624e-04 3.774073997643845866e-04 3.601248807007198407e-04 3.435025206187627272e-03 2.429668177043906290e-03 3.723911324276372894e-04 3.959889145203437889e-04 1.004203428085720905e-03 8.705977345786227286e-04 4.008801723056002321e-04 2.839293145453260767e-04 8.294881810828024773e-04 9.614391299181780171e-04
3.797385572698593428e-04 3.278999554124902645e-04 7.187049955233583247e-04 4.978233546923555583e-04 8.557354250218171575e-04 8.441091183845549854e-04 3.411086412939492735e-04 4.049170317736363743e-04 2.605949698260247782e-04 2.397498353201972195e-04 4.477161577511473006e-03 2.793661845288869516e-03 3.371626830052116414e-04 4.589763676885633440e-04 6.490417568654394034e-04 6.139096707937062190e-04 4.194525124466772230e-04 2.642676673890503240e-04 6.624804512506050382e-04 6.184158649229376135e-04
1.109961659270751943e-03 7.343643979791649682e-04 1.718241864289471498e-04 2.515628236966234292e-04 1.586456872393099307e-04 1.344591181171097562e-04 2.514964918899126236e-04 5.493932146899393456e-04 9.442653492477421761e-04 7.196782007639015597e-04 6.718381246352226645e-03 4.706566907290434323e-03 7.644809936910352708e-04 1.070688542418985574e-03 1.218038183238144041e-04 1.267745981660261135e-04 6.083151649624903966e-04 5.470124591134802386e-04 1.244178588675593595e-04 1.668168533378260976e-04
7.058755605668916387e-04 3.825706628660080055e-04 3.233718072471990766e-04 2.656965778872154554e-04 3.534601961747324854e-04 3.236763012419089226e-04 2.059241188667841616e-04 4.318174216239598420e-04 5.236272979944472938e-04 4.466131371860738086e-04 5.244238560442174464e-03 3.430015445939090576e-03 3.495752811488743363e-04 5.821574032604762573e-04 3.013887497535140290e-04 2.465402253627194877e-04 2.028417540171886845e-04 1.579338820425518655e-04 2.085373875121003019e-04 2.222177992011998789e-04
1.829592289162875612e-03 1.287619930524868794e-03 2.949137334242381172e-04 6.657691117920581155e-04 1.105813690626079930e-04 8.914621542445070159e-05 6.798330881270053892e-04 9.665259227748122708e-04 1.680428472133466524e-03 1.227470412228947845e-03 8.382107807192151414e-03 6.215739927812246809e-03 1.431292845958978023e-03 1.753483706782393370e-03 9.908609324714816855e-05 1.829621064941851889e-04 1.025773401559552976e-03 9.392524688002579572e-04 2.466891792772923616e-04 2.083762957570169387e-04
1.795382203757332935e-03 1.302519880929618561e-03 2.905793169798445643e-04 6.756864943683244841e-04 9.670914447380458165e-05 9.229655142425762665e-05 6.517910252769247396e-04 9.118746989013465365e-04 1.630486650321775382e-03 1.222032213421213060e-03 8.295709977912575639e-03 6.180884303173230648e-03 1.435907115429311447e-03 1.731927133966726026e-03 1.135482616260304691e-04 1.556734019649603118e-04 9.775066405717806797e-04 8.954852027803989270e-04 2.204198050288097457e-04 1.515689156313295284e-04
5.377284528673983250e-04 3.435783496783734788e-04 2.148304085791400320e-04 1.955514988005217726e-04 4.417713920924651403e-04 4.280582919344470350e-04 1.268463486836485352e-04 1.747818822825280888e-04 4.892414150556462791e-04 3.167600723356128376e-04 5.004802329917137915e-03 3.324918774476622214e-03 3.511591973445766374e-04 5.025071728879662233e-04 3.069528995556141727e-04 2.673156876756941779e-04 2.231179774193393656e-04 2.607329134248765451e-04 3.039524759380315727e-04 2.885764855489673757e-04
4.843079812541374162e-04 3.051725082085464651e-04 4.536547316128670807e-04 3.439746417707762621e-04 5.464864030906773718e-04 5.236979848654142082e-04 1.820359483875874445e-04 2.440097052126804350e-04 3.381180484224794499e-04 2.433584863228556536e-04 4.222685603320335858e-03 2.932819182523355942e-03 2.397531693737854164e-04 3.482604702423918223e-04 4.475491042256704056e-04 3.616208039644640097e-04 1.937115198579940031e-04 1.509539242359152884e-04 4.252847373132776550e-04 4.735180503136003204e-04
4.697553396951893809e-04 5.055567778397969088e-04 6.156779262221725481e-04 5.366191331856587973e-04 1.102901354185568126e-03 1.099656960431865185e-03 5.355145412928548950e-04 4.042474470444075625e-04 9.709966602177057130e-05 2.093006431000475176e-04 3.441632138519796352e-03 2.292105734917175303e-03 3.674415777054491059e-04 3.625208719584346742e-04 9.202446963077292154e-04 8.638036508101506810e-04 3.123216931019234636e-04 2.746493000586424488e-04 7.416500265266402075e-04 8.057560624119280849e-04
6.461695957827256033e-04 5.366538355494266310e-04 5.438454050527157012e-04 4.217207912419611597e-04 7.762368034443322502e-04 8.141216883588096300e-04 4.181685560724952995e-04 4.904418103531375545e-04 1.936299370374395428e-04 2.429169179247938227e-04 4.276037534703647572e-03 3.291858626905827968e-03 5.169788557802705098e-04 5.920391726710443883e-04 6.498926616706082824e-04 5.754058089560284365e-04 3.156151297121897667e-04 2.225704689570169148e-04 4.770946119992966277e-04 5.324291289352051310e-04
2.074747531098264375e-03 2.569952567334627975e-03 4.974957277659326424e-03 4.298226685457481183e-03 6.037412956488818518e-03 6.033634809074556876e-03 3.743327910235273726e-03 3.423878508874726202e-03 2.570492638286155009e-03 3.073535313112324766e-03 6.523406509375245365e-04 5.213441592412384421e-04 2.829677338702868330e-03 2.504691760719549715e-03 5.592938068997005581e-03 5.456742782386887584e-03 2.990636203671306892e-03 3.240778072439376694e-03 5.141419860260712862e-03 5.364657078845976729e-03
1.397363623274278967e-03 1.722624098780462399e-03 3.659795148219354734e-03 3.081530915377642468e-03 4.676011452139903525e-03 4.605265871175481460e-03 2.759045876717845791e-03 2.145212211722100863e-03 1.986410418918099947e-03 2.391031969201483452e-03 5.466691460958027259e-04 2.095901639068570581e-04 1.977472704819313674e-03 1.733573356260633162e-03 4.401054725514673242e-03 4.265670044531766347e-03 2.195362183064737596e-03 2.510362871180499625e-03 3.832341422766187035e-03 4.193399274672220296e-03
3.413603403948167964e-04 2.305755941532387418e-04 6.312638756545878652e-04 3.747838118547457088e-04 9.880095256971233985e-04 1.013344214296482476e-03 3.180392408062323716e-04 2.529839738897130420e-04 4.401130922589839871e-04 5.441545301747015935e-04 4.031828566130171709e-03 2.592265757168097599e-03 7.594137678644617001e-05 1.155465571103125074e-04 8.618057096289449001e-04 7.452509364055269394e-04 1.972235415347784512e-04 1.658884880334804304e-04 6.564278245880774071e-04 7.091439611568626199e-04
2.589321817765381241e-04 3.150645397218081439e-04 7.848341244940673861e-04 4.710863845355874090e-04 1.251603247863690514e-03 1.230054129273234435e-03 4.358632750549415891e-04 3.774829092182130905e-04 3.939262652608968075e-04 5.701054789741971142e-04 3.942964981194151293e-03 2.293981170204295594e-03 1.333768018067129485e-04 8.267709953215921545e-05 1.087761016103220126e-03 9.207381922472542956e-04 2.353554321048543650e-04 2.327370276687507858e-04 8.722888446769924481e-04 8.309764089194007081e-04
1.489757410024482656e-03 1.081692012996407319e-03 2.487467324560535390e-04 5.256553128528698932e-04 1.062907936283622877e-04 8.818817052661977868e-05 4.893132421210515158e-04 7.755907563034201112e-04 1.309136813950186789e-03 9.661188645121881503e-04 7.788619046539049622e-03 5.648556696364431286e-03 1.170585401308653871e-03 1.455914335773592517e-03 6.458166624644617979e-05 7.024156303836591073e-05 7.358634085690018848e-04 7.261082916556070490e-04 1.614417858684340636e-04 1.148257382896984864e-04
1.286342240178558463e-03 8.723821339166420953e-04 1.616534187816109165e-04 5.181002584304355424e-04 1.409452609925620483e-04 1.039874984503692693e-04 4.172195263269884804e-04 6.282918331081068126e-04 1.121275511177057416e-03 7.546794503856912688e-04 7.377828185976867056e-03 5.416531567343666441e-03 1.006115328323678709e-03 1.295061340919983345e-03 6.523900822408038275e-05 3.184663511779236243e-05 5.932115432462220506e-04 7.007070131013523172e-04 1.657082569572749630e-04 1.245455700161172280e-04
4.278292375714766102e-04 2.971312247173153514e-04 3.786265915160858583e-04 3.268582369936604481e-04 6.695909055814745726e-04 6.781111379359314618e-04 1.844718027965532362e-04 2.871678230062431900e-04 3.866737045730834457e-04 2.802387469832460739e-04 4.658819219820850566e-03 3.015546997820657722e-03 2.210013551280423638e-04 2.955948141889300782e-04 5.298933546788200900e-04 4.515218463456178587e-04 1.882018150998017100e-04 1.803478632602425319e-04 4.444254641655065691e-04 4.631845393139754795e-04
4.785384271593444948e-04 1.900630928800571876e-04 3.940085269103704236e-04 2.226855869818774106e-04 6.491893817063029530e-04 6.309513098752967926e-04 1.474517316108448991e-04 1.760752253148869574e-04 3.704297154874907337e-04 3.213187830498415642e-04 4.912972728677572967e-03 3.088821099249766233e-03 2.624960455911283953e-04 3.574109021960318123e-04 4.657718191514962779e-04 4.189322006041942326e-04 1.696894186947239596e-04 1.625204110309942163e-04 3.276865871519410466e-04 4.058200895029161876e-04
1.264299407974637775e-03 8.358122659094314229e-04 1.079765996479837718e-04 3.707180489429070429e-04 1.562300302955943888e-04 1.681131486130878270e-04 3.900386403235108976e-04 6.164605157876150822e-04 1.180190408138040957e-03 8.940212282531243525e-04 7.117912058662721926e-03 5.198400064207440302e-03 9.486994135913371816e-04 1.110230640285233931e-03 1.010810771326249975e-04 1.720379738889242776e-04 6.054765079237812422e-04 6.197541619738839878e-04 1.218990979283768534e-04 1.361839879375120244e-04
1.399053417475145528e-03 9.600157523132831112e-04 1.675782494202027401e-04 4.515139409816909619e-04 1.419028253647061438e-04 1.028520215209500853e-04 4.226702129059177124e-04 6.889771150207039127e-04 1.284643528558146713e-03 8.681070060089716555e-04 7.486123148281554479e-03 5.379737354066522516e-03 1.030053390441212522e-03 1.293039022164482656e-03 8.926800712391061920e-05 1.282512093269573680e-04 7.062450126784770681e-04 6.559967103825170781e-04 1.829050768115586306e-04 1.307611934300460593e-04
