0.000000000000000000e+00 4.780185536047658275e+02 1.277257329817015307e+04 4.005998428515146770e+03 2.143293566459892190e+03 9.241856056174152400e+03 1.476328483000708047e+03 4.601129446034436114e+03 1.789519193812947606e+03 4.954475773136696262e+02 3.258338943371031746e+03 2.828905528185488038e+03 1.816980569323853160e+03 1.674717839002762048e+03 1.814972908115301379e+03 1.148736501449930756e+03 1.613820658844525042e+03 2.153236553330829793e+03 9.733952363921612232e+02 1.232241835866261908e+03
5.511299341410136776e+02 0.000000000000000000e+00 3.848653623449813495e+03 1.281346665630615917e+03 2.039666387862200281e+03 3.467937817225117669e+03 1.265805780250587304e+03 2.077736096299491237e+03 1.662197055296350072e+03 9.539812881779851068e+02 3.503978541771470191e+03 2.708389959452508720e+03 1.205146833026397644e+03 1.220335690710018071e+03 1.832083860201856396e+03 1.258256977479802572e+03 1.567748897460348644e+03 2.567167592222823714e+03 1.183312325342380063e+03 1.380805596113225874e+03
1.061425851047617653e+04 1.083525972352314602e+04 0.000000000000000000e+00 6.138599193151003419e+03 4.330372481366618558e+03 4.691755383478236581e+03 7.101738936104750792e+03 7.631926334234627575e+03 1.090756418601733094e+04 9.275851469478317085e+03 1.271439295063132158e+04 1.169242909753306412e+04 8.897030790067559792e+03 9.077938236488036637e+03 4.750072587566454786e+03 5.477853404230857450e+03 8.969575288114323484e+03 8.672283818075235104e+03 7.007921194862675293e+03 5.591994732368789300e+03
5.088517935645059879e+03 4.905759574749059539e+03 7.641748624259404096e+03 0.000000000000000000e+00 3.890364058775695867e+03 5.751433493744972111e+03 2.956693261913570950e+03 4.673953070018122162e+03 3.734312267309696381e+03 3.970667668692313782e+03 6.564817112140960489e+03 5.712023982429238458e+03 4.175910289136480060e+03 4.873822985897235412e+03 2.763043581120809904e+03 2.546123818445638790e+03 4.680994016237180404e+03 3.760195913181261858e+03 3.558481055544474202e+03 2.605135003865942053e+03
2.409773607182890919e+04 2.333418612750550892e+04 1.758439762396642254e+04 1.834986853921702641e+04 0.000000000000000000e+00 1.172625106596227670e+04 1.763977863527215595e+04 1.861271084187395900e+04 1.961053694692966747e+04 1.856981751079869355e+04 2.737201852674040492e+04 2.619817873860982945e+04 2.095709279308317855e+04 2.186817549706797217e+04 1.272969790292093603e+04 1.337918479952698181e+04 2.132110365947330502e+04 2.079422502635353158e+04 1.668885122009748738e+04 1.443557853798118776e+04
1.995039797718131740e+04 1.932040063000618829e+04 1.351594273414011514e+04 1.440485932929613045e+04 8.358374655210036508e+03 0.000000000000000000e+00 1.384600727355310119e+04 1.575739733104829793e+04 1.515554657484152085e+04 1.389462526505978167e+04 2.394797271825109419e+04 2.246667695346729670e+04 1.751722862946802343e+04 1.876057712178787915e+04 9.579312583013554104e+03 1.059151272650166720e+04 1.815188495307770063e+04 1.726421162179066596e+04 1.268051693368352790e+04 1.073861817739980324e+04
3.084357398218850904e+03 3.235947996107306608e+03 5.756696126980903500e+03 2.274675886467217879e+03 3.699744248367372620e+03 3.736531156637075583e+03 0.000000000000000000e+00 2.113314069637166995e+03 2.810731697398570759e+03 3.036549940777815209e+03 4.756287947003459522e+03 3.540295975888265730e+03 2.710078932189144780e+03 2.563483432958386402e+03 2.006348965952832259e+03 1.588057799380347205e+03 2.250690673913224146e+03 2.072892986076165016e+03 2.166252521064181110e+03 2.108226899450595283e+03
3.699117965487753281e+03 3.289742426604647335e+03 3.260570554030107814e+03 4.137808062659420102e+03 2.624946108349902715e+03 2.539940286999588807e+03 2.624415818334311098e+03 0.000000000000000000e+00 3.807432220556693210e+03 4.838595454449249701e+03 5.456638623699671371e+03 4.846931528713297666e+03 3.435313862694697946e+03 3.458321982402731919e+03 2.063638313545954134e+03 2.056777229681525569e+03 3.416090855170900340e+03 3.056243997849467178e+03 2.918478472111740757e+03 2.442923041014187675e+03
2.948207889973227793e+03 2.964636629141121375e+03 2.382655164076420533e+03 4.116605799540689986e+03 2.220514247638546294e+03 3.253017868669862310e+03 1.879691983488449523e+03 1.825515729030844341e+03 0.000000000000000000e+00 2.911262381657370042e+03 4.620180977326983339e+03 3.757240142400984041e+03 1.868109707490695200e+03 2.705137113919401600e+03 1.964483023759070193e+03 2.109067217708794033e+03 3.261903317761190465e+03 2.559217138224622431e+03 2.026894220440304025e+03 2.266966301012855638e+03
3.982532258969335089e+03 4.814752010172044720e+03 3.645108794326247335e+03 3.842287078320511228e+03 2.841794516858809857e+03 2.859903051647926986e+03 2.699477236863589042e+03 3.682617604256412960e+03 3.583357873882634522e+03 0.000000000000000000e+00 6.338447553257518848e+03 5.978293382039181779e+03 4.563791501107029944e+03 4.552351622511882852e+03 2.499159255567214586e+03 2.123094620471853887e+03 4.060892262752606257e+03 4.505464225566360255e+03 2.700867326377819154e+03 2.529810088546560110e+03
2.485278945015903105e+02 2.603600445265569192e+02 2.344867965149322117e+03 3.115129789513966898e+02 1.268360685707348239e+03 1.918466805767410506e+03 3.738894725138915192e+02 1.497330439059299465e+02 4.211788478236375113e+02 4.723961805465769430e+02 0.000000000000000000e+00 1.199746500061587824e+02 9.093084125821626174e+01 1.055984923657742200e+02 1.150979051720513780e+03 5.762847999109761759e+02 3.180962619327875700e+02 2.256105776087634354e+02 4.784936800396551462e+02 8.815851411766664114e+02
3.719877909270221039e+02 3.434337952498107711e+02 7.819331605290578864e+02 4.804682342533808992e+02 1.495396110653154210e+03 9.301971336477221257e+02 2.995751236015026961e+02 6.199043798117209008e+02 6.553060603669941884e+02 1.084764078010186040e+03 6.362709511504635884e+02 0.000000000000000000e+00 1.848716011769266174e+02 1.605060170855836645e+02 7.726028425944712126e+02 6.022176313607965312e+02 4.271343694653394891e+02 2.729433033755215092e+02 5.148765295519467600e+02 7.204702440193019584e+02
1.422163792196278791e+03 1.304922807849759920e+03 1.440110214588957660e+03 1.020061901034566176e+03 1.558260450116190896e+03 1.176607953548563501e+03 8.101025935241639218e+02 1.058110233993436395e+03 8.843372354061632450e+02 9.416682201839130357e+02 3.094636289943054180e+03 1.475413875766470710e+03 0.000000000000000000e+00 4.321924863551163298e+02 9.027137097323643502e+02 6.758918818671562576e+02 7.285487818049160751e+02 1.142523127517827106e+03 7.526890603657413976e+02 9.181508999277363046e+02
1.420462187854264585e+03 1.139162023561334308e+03 1.226393634637595824e+03 6.195358773573198050e+03 8.693326976842927252e+03 2.182707691306426568e+03 6.157014360937769197e+02 4.191530473221428110e+03 8.855291341371960243e+02 9.546226294404497139e+02 5.152102780155380060e+03 1.208339337634375170e+03 3.127254464386061841e+02 0.000000000000000000e+00 1.115036545799421674e+03 8.994102832709197628e+02 7.626386703088282957e+02 1.122520479462823687e+03 7.623467621354591301e+02 8.851613504639910843e+02
1.146937117172880426e+04 1.089265103481173901e+04 1.030575205878212000e+04 1.063015086955909101e+04 5.164110442419295396e+03 1.272357656584482174e+04 5.979832289024364400e+03 1.043912002191190186e+04 8.807683536683894999e+03 9.047671447133210677e+03 1.324509997143152759e+04 1.220803466292236408e+04 8.967673461970185599e+03 8.991511775969827795e+03 0.000000000000000000e+00 4.951566795159182220e+03 9.061613145967385208e+03 7.763832230414264814e+03 6.322901412902781885e+03 5.271894415790884523e+03
9.757656482702808717e+03 9.375017540857814311e+03 6.963750939523354646e+03 7.671632280804714355e+03 4.063482772620158812e+03 5.061754992856738681e+03 5.499562259231682219e+03 6.503118471553716518e+03 8.400151139718793274e+03 7.513404520908004088e+03 1.180693467096753739e+04 1.101211281592592786e+04 7.123898414667733050e+03 8.536661559897547704e+03 3.642243766395387865e+03 0.000000000000000000e+00 7.251703793912311994e+03 7.080557171343413756e+03 5.432432607730808741e+03 4.368215072291323850e+03
1.736763141793061095e+03 1.682148617625720817e+03 1.823470440562751901e+04 5.984177155231084726e+03 2.658103564018870202e+03 1.276601694546667568e+04 5.598732680688223127e+02 6.305674231200186114e+03 1.461132770000143637e+03 1.556397856247712298e+03 2.085280858001723573e+03 1.715536139539540955e+03 1.051720823065585591e+03 1.273605992302519098e+03 1.228788033943316577e+03 9.699312138534180576e+02 0.000000000000000000e+00 7.769968822025808777e+02 5.592284576483639285e+02 9.094031914359734401e+02
1.736002891671135330e+03 1.900200106566533123e+03 2.616353196576747359e+04 9.437544078064533096e+03 5.010268522106913224e+03 1.948811256477024290e+04 6.269741623097805814e+02 1.119462725845962996e+04 1.331347912326493770e+03 1.883777053589997877e+03 3.603436929270695600e+03 1.917977219057368075e+03 9.901418622226543675e+02 1.239310991705953938e+03 1.174165320702408735e+03 1.229013959833575427e+03 1.169427502942066212e+03 0.000000000000000000e+00 1.028975898608605803e+03 7.491892500444012057e+02
5.463533960012295211e+03 5.007046198770088267e+03 5.573990980899900933e+03 4.189016460071394249e+03 2.146402625491791696e+03 2.460477496995829824e+03 2.219484913377130852e+03 3.313295932680247915e+03 3.957407944849567230e+03 4.307019633476968920e+03 7.338401079008699526e+03 6.148695361362489166e+03 3.127665266394253194e+03 3.667039969335437945e+03 1.910328096981325416e+03 1.845160868997139005e+03 2.819567358430659169e+03 3.068984916056987913e+03 0.000000000000000000e+00 1.224496196473871805e+03
6.944550584325528689e+03 6.680667472568665289e+03 4.424891507170514160e+03 4.814683845205023317e+03 2.612003640653027105e+03 2.827771682872481961e+03 3.310075362435649367e+03 4.922270164618747913e+03 5.228234904004726559e+03 4.554010414767305519e+03 9.167786007274853546e+03 7.677097513499330489e+03 4.806895714998550829e+03 5.062507442089845426e+03 2.508179585370991845e+03 2.489494674190439127e+03 5.011212637229461507e+03 4.153862196609816237e+03 2.004870508786542132e+03 0.000000000000000000e+00
