2.139182753958523704e-04 3.672129681825587631e-04 1.997253931787026492e-03 3.876744398034497399e-03 4.776517240021632867e-03 4.555733005602034640e-03 7.757757809571725520e-04 9.104695717639052239e-04 4.558443737075516637e-03 4.076148133112435061e-03 2.293645904895266763e-03 2.588713897732778605e-03 2.251361890620956225e-03 2.776661048192813168e-03 1.838135236476787877e-03 1.480637015514656325e-03 1.251911927262238863e-03 1.265396715483443554e-03 3.299925752853594130e-03 3.576301918878083477e-03
1.644834587725529777e-04 2.329396872079676013e-04 1.702355913420988383e-03 3.564020888448756613e-03 3.961586354374772162e-03 3.754909818558537209e-03 9.517637375412576692e-04 9.128804695317388213e-04 3.750487231322974929e-03 3.306862393682879521e-03 1.748856444825060055e-03 2.154357197736816911e-03 2.059858850550145854e-03 2.510387299500469339e-03 1.469727145388484988e-03 1.375302945793178272e-03 1.285053610504643127e-03 1.287582558530543870e-03 3.116516738488071207e-03 3.152448117016219600e-03
2.423363625239572348e-03 2.001805022214591442e-03 2.241988281030077399e-04 1.871851020693535974e-03 2.654309299949567883e-03 2.738508332743657021e-03 1.766033769590852820e-03 1.865273462281236919e-03 2.774647883648719612e-03 2.520654659250211056e-03 1.742783888852719862e-03 1.317650587386654795e-03 1.630274977734703879e-03 1.602511909257535406e-03 1.785155695274003159e-03 1.557860903240451721e-03 2.606056820461168447e-03 2.588083161158707176e-03 1.229708939082913574e-03 1.306952688532555954e-03
3.798896499428827678e-03 3.061118706803511811e-03 2.345883637416288151e-03 6.216494885602410342e-04 4.514474780040317152e-03 4.613610601885319989e-03 2.818259908610844158e-03 2.473579570204024244e-03 4.510450091047585319e-03 4.363887539826191014e-03 4.142459068854516951e-03 3.678198766549863226e-03 1.581236994979241112e-03 1.602266485848629534e-03 3.336983219631781909e-03 2.686536583084093814e-03 2.240653483838187399e-03 2.113553436228993252e-03 9.535034950351776398e-04 9.211654742061633171e-04
7.085530497049821914e-03 5.749799680629328821e-03 1.963320703466233351e-03 1.684705796999522035e-03 1.207281690828724185e-04 1.691803765340968468e-04 5.460916938491944435e-03 4.759732239760606359e-03 2.145983307622632407e-03 1.929487328842984873e-03 3.390012138373646716e-03 3.497573465768075499e-03 3.453122086034110701e-03 3.156146153204053041e-03 9.498430289436158615e-04 1.123158642885194267e-03 3.520367781988972215e-03 3.413242867793520128e-03 1.202327575452435265e-03 1.115430115460711458e-03
6.536468049743044892e-03 5.346927389698821406e-03 1.789246388396901425e-03 1.659952806998665721e-03 1.559703283103043841e-04 1.498111174381559535e-04 4.998586754586995494e-03 4.318451770514781379e-03 2.224984705007849572e-03 2.018535731400538345e-03 3.281525202026399930e-03 3.305718615465309384e-03 3.222838117960675521e-03 2.949846004641397835e-03 8.549465774801891932e-04 9.415793069048835652e-04 3.247445308305979550e-03 3.162203553122846286e-03 1.028612697021530267e-03 9.853480467493420675e-04
7.418030272624057380e-04 7.891277847405685697e-04 1.811900322340788795e-03 4.311763647288341557e-03 6.203379238910467115e-03 5.859080551388506919e-03 7.239736298221722145e-04 3.570369577835713951e-04 4.729230311992815329e-03 4.018287339088856547e-03 2.497635469375717333e-03 2.134263423224254212e-03 2.031448037817626569e-03 2.424531172314373009e-03 2.700439825816048148e-03 2.498263066907466246e-03 2.333481400666993603e-03 2.352303509422789141e-03 3.103704146712778743e-03 3.196780109114987639e-03
6.510721705854582379e-04 9.664876287183646201e-04 1.724545219301525578e-03 5.782568419565474460e-03 5.684256702216784231e-03 5.374123367954150403e-03 9.543974010385062809e-04 1.140825213722012786e-03 3.068468125838211356e-03 2.662364047502818482e-03 1.581166902376958481e-03 1.950397373085631381e-03 3.643698162397905789e-03 4.473329470787251044e-03 2.156351657174279332e-03 1.986704019316949676e-03 2.453598303728965566e-03 2.393709513051530888e-03 4.944959640697013312e-03 5.134494687221407248e-03
4.011426233788169607e-03 4.167615120635068289e-03 3.128697966998908193e-03 1.773224091324236478e-03 5.684164986915734262e-03 5.101354217847822899e-03 4.101326625497292606e-03 5.784213993327815689e-03 4.307316534813846257e-03 4.188867668184410344e-03 4.622370813242400282e-03 4.820989609312262454e-03 3.648198632672502561e-03 3.887721970122206324e-03 2.053270335185183263e-03 2.176212350683937036e-03 1.502794387294327473e-03 1.601758047494082019e-03 2.817296996557773752e-03 2.819673360321307484e-03
3.762537135706797622e-03 3.542005628690665479e-03 3.159803185830171654e-03 1.374272161964597717e-03 4.191368861657388672e-03 3.815670179461353503e-03 3.705756619957714226e-03 5.052598074101887111e-03 3.639929293348280210e-03 3.488328419520037808e-03 4.730147543050687402e-03 4.775263951078669890e-03 3.068921615165282925e-03 3.433305665231878474e-03 1.483227526833737816e-03 1.183571852370943374e-03 1.528345530227342682e-03 1.538523146910545985e-03 2.355986853492753486e-03 2.368085481454668042e-03
2.766687207461488839e-03 3.098253959460171066e-03 5.658050371758697149e-03 8.111841381367033282e-03 7.212093613236636967e-03 6.523710316657653496e-03 3.821057619600125212e-03 3.367503907784639115e-03 1.398264063789703094e-03 1.554184041991964063e-03 2.122745149564056119e-03 3.165788693739759324e-03 7.657218376241097663e-03 6.713443043958110083e-03 3.069792574137837106e-03 2.305960439733210042e-03 3.298241717747492883e-03 3.249731326074790493e-03 5.358119050292917997e-03 5.453637273520902003e-03
2.319896048166994375e-03 2.519621308210906550e-03 2.858659098766010934e-03 9.910659185379477876e-03 7.500814720127048016e-03 6.797206248927788186e-03 2.685470901834107957e-03 2.575378779704778302e-03 8.056454751787202806e-04 8.268674017336625137e-04 2.332880968489472713e-04 1.324218883640498933e-03 5.655522320020087319e-03 5.719875372027342225e-03 3.556824052922724459e-03 3.575986267331647452e-03 5.056511614261095626e-03 5.030460352426152984e-03 5.482358371799008791e-03 5.585831686893865007e-03
2.327241047740306792e-03 2.129756968253497789e-03 3.138608088737735238e-03 1.948067377045922637e-03 7.206916911013751259e-03 7.035013659218909178e-03 1.362351310309607797e-03 1.354600611466077933e-03 5.842267203091108113e-03 5.802701776236800051e-03 5.102689546143934426e-03 3.932168488236489207e-03 8.172742886123862097e-05 1.278484301796959418e-04 4.067762846894969891e-03 3.651804260966215465e-03 5.922443754404496880e-04 5.782409565534020728e-04 1.017341580072001449e-03 1.194396054857664547e-03
2.560689849948004880e-03 2.497318263961580565e-03 3.436478390852240519e-03 1.572643140298957435e-03 6.662358326231520265e-03 6.407651319297858437e-03 1.590069026201254218e-03 1.681330745010796088e-03 6.489719759834020919e-03 6.429116730528086285e-03 5.365664072761136549e-03 4.263266417968145268e-03 3.998128919972476444e-04 4.325480887019485026e-04 3.603541900355285155e-03 3.115659714551489382e-03 6.120367442130064803e-04 6.037326534244002530e-04 1.267777776432759979e-03 1.393898653213904810e-03
2.777765518110800972e-03 2.258544001253969501e-03 1.554816767761799546e-03 1.695223262167401762e-03 1.068668704856749405e-03 9.007973602494180262e-04 2.143050600530329534e-03 2.443558476889663364e-03 2.662438064153918767e-03 2.433390186790270870e-03 2.316841052867014191e-03 2.418792272217948174e-03 1.612703046792897084e-03 1.756041113482425566e-03 1.873453993747782869e-04 1.569087605203976440e-04 1.226194112819049787e-03 1.252554074242386017e-03 1.380964625774432205e-03 1.539640935672451083e-03
2.531776977463881008e-03 2.130491577320923254e-03 1.739224731797908013e-03 1.573626211599662766e-03 1.348989678804851178e-03 1.199552842786984078e-03 1.983304256869664398e-03 2.294148787821495301e-03 3.769305867545797925e-03 3.489158505115549664e-03 2.861311677801274371e-03 2.949114531180672006e-03 1.588688465920435906e-03 1.719068876908370382e-03 3.220708635708415023e-04 2.887542070295694933e-04 1.147453793883678732e-03 1.151190462219799831e-03 1.266035217773108347e-03 1.295210327012927569e-03
1.850812119211349199e-03 2.020658093535317341e-03 3.208383763743086117e-03 1.799917915894267816e-03 6.412455220750644391e-03 6.182457658680844820e-03 1.214883870209539345e-03 1.565173278730533661e-03 6.472715187724020769e-03 6.363990646346754688e-03 5.914773154636569948e-03 4.846154759352905295e-03 4.319586228977400884e-04 6.344896495867867210e-04 3.139094644557268061e-03 2.784433197361582592e-03 3.488700782113437994e-04 2.700692735138460719e-04 1.408583454325229491e-03 1.573416682789492487e-03
1.712534258417832420e-03 1.984413042610455504e-03 3.378971215932167257e-03 2.463405572456190198e-03 6.509862989024632098e-03 6.187056498494819881e-03 1.294600121288580008e-03 1.683570247346473500e-03 6.696745632047841623e-03 6.594629548012344994e-03 6.006189316211510421e-03 4.867484547269822388e-03 6.660445713534799035e-04 8.540216784368353034e-04 3.094313616697765782e-03 2.702788727637369867e-03 3.531191374953387822e-04 3.676935875357434640e-04 1.665913383962076312e-03 1.816766291673205377e-03
4.098379559816452827e-03 3.555439337391579167e-03 1.998433715760734516e-03 1.146557338541450387e-03 1.604929476637864975e-03 1.567277733864032643e-03 3.354475875766827105e-03 3.482106036318051868e-03 4.003045489806448219e-03 3.745664255617505572e-03 4.067673080848228234e-03 3.646420840151246793e-03 1.167230275498185466e-03 8.492020793559851809e-04 8.907173411668747702e-04 9.387410479720760623e-04 1.741567670649234135e-03 1.630398839677035285e-03 2.373582604812430339e-04 3.062193544977625148e-04
4.533511171529033650e-03 3.796330812625993509e-03 1.891044435761602945e-03 1.336221689387223155e-03 1.479879337846841348e-03 1.438503758153212349e-03 3.434362658285491487e-03 3.320461692912737850e-03 3.859294621703142185e-03 3.670066500326217129e-03 3.617131557886621440e-03 3.279039149794119035e-03 1.294553028662428487e-03 9.342695291112777366e-04 1.016810775265798760e-03 9.424000008364922555e-04 1.958263902238225555e-03 1.835891931595596323e-03 2.378453609485193479e-04 2.373004451731974536e-04
