1.995203135262487056e-04 3.595665078907474906e-04 1.956308048058014518e-03 3.743453477773786564e-03 4.345246317817559253e-03 4.183932979000325701e-03 7.475672746631713099e-04 8.768005956730194356e-04 4.460686383506370055e-03 3.953494804979582229e-03 2.167583669876789292e-03 2.406089517789918291e-03 2.213034272591899582e-03 2.706577034421502482e-03 1.749624910646171505e-03 1.424969087231045192e-03 1.167200772434931521e-03 1.171967343871405196e-03 3.167507985571636417e-03 3.409997840549673816e-03
1.633781371710732401e-04 2.286722661727732706e-04 1.687985250352530510e-03 3.348702342850305713e-03 3.540917120314309927e-03 3.471330216567776201e-03 8.986397826749604459e-04 8.790670798846827224e-04 3.664484503701361407e-03 3.246828490135440694e-03 1.577966713799359337e-03 2.020704576742750683e-03 1.943805965009734070e-03 2.423330009836982372e-03 1.406798054121324729e-03 1.321612749889096352e-03 1.181199277737962367e-03 1.151219511774734987e-03 2.983187979188553583e-03 3.035406293388544403e-03
2.417599421885099648e-03 1.986656228272051274e-03 2.242376949375902084e-04 1.730251509054529574e-03 2.497303335907846006e-03 2.654820033372792820e-03 1.765718106397522625e-03 1.802995479669426302e-03 2.648384128916438877e-03 2.432255594395463325e-03 1.572104500697781796e-03 1.142434004918862957e-03 1.316724801859737917e-03 1.394901930884566953e-03 1.562029094329054485e-03 1.408139562826997990e-03 2.281054875883001352e-03 2.288304465759986688e-03 1.109537159307085819e-03 1.166544050636486151e-03
3.570511514693999397e-03 3.068894395390773470e-03 2.195518302202133579e-03 6.089433316955752224e-04 3.992955301266096560e-03 4.136220614000703059e-03 2.807731175981470224e-03 2.462785474129022389e-03 3.731298227858033303e-03 3.677063825054120022e-03 3.780882212194942773e-03 3.458050397292805264e-03 1.550972745739853621e-03 1.519940880451252276e-03 3.188628253637593342e-03 2.494942051760033318e-03 2.214324555327547121e-03 2.097310070595697924e-03 8.905992108645836630e-04 8.613884457783829978e-04
6.894284589084938471e-03 5.529745878597640794e-03 1.383037547787386353e-03 1.231374461473261003e-03 1.163261460422208350e-04 1.675475346021805447e-04 4.971623173387224384e-03 3.715478395524769110e-03 1.354973522394950849e-03 1.206569277522287703e-03 2.046802452580481248e-03 1.887463127782314275e-03 2.080131057161471123e-03 1.923792556806418154e-03 8.414553817231433964e-04 9.119174581969020140e-04 2.991543397507315846e-03 2.777455133169768903e-03 7.403515322692882017e-04 7.429185760273111002e-04
6.428271497918261468e-03 5.081893737980301522e-03 1.299009041168451952e-03 1.369852728754632340e-03 1.423934620907603942e-04 1.412557201469303583e-04 4.513201576383222939e-03 3.348953040091894214e-03 1.292121123069598157e-03 1.255532678987394046e-03 2.147941483708343344e-03 1.864251737258513066e-03 2.089983644238187221e-03 1.731466165090939265e-03 7.586547515000150940e-04 8.728097176576606183e-04 2.664319121029969963e-03 2.433166501584152312e-03 7.127065284031368006e-04 6.082775624740378905e-04
6.990823925970047776e-04 7.406926545886465679e-04 1.794252256035493891e-03 4.019971940065735980e-03 5.686634074646352774e-03 5.568921768696641177e-03 6.912845443601322920e-04 3.464050167636388046e-04 4.523915024001437871e-03 3.942087585870161781e-03 2.426459066635950831e-03 2.046088079768647577e-03 1.943459402441306870e-03 2.331832207844376521e-03 2.541318641182107284e-03 2.329844675394497026e-03 2.212508719159623095e-03 2.179368278853429167e-03 2.922771065929162960e-03 3.006570529998698650e-03
6.463341090733057620e-04 9.223246934639346868e-04 1.689130319470356478e-03 5.625611369831772825e-03 5.465707198549722007e-03 5.218911110716331625e-03 9.511051776181260941e-04 1.119514980580674007e-03 3.002763643930924948e-03 2.617923002552602959e-03 1.549257448061738384e-03 1.889301544320986202e-03 3.406975733606915253e-03 4.255300631941506991e-03 2.023152379605652751e-03 2.007764252963064114e-03 2.345680412369242213e-03 2.364513612032173150e-03 4.689003302815930065e-03 4.774195914338546891e-03
3.599974866804448673e-03 3.603733314704401017e-03 2.884102828003475179e-03 1.724607942066688510e-03 5.469852882128904518e-03 4.882292713280995781e-03 3.997586219419475666e-03 4.757912669899021230e-03 2.708357843194739070e-03 2.702076622492860947e-03 3.799367050539822870e-03 4.192793349317246350e-03 3.505066793594571392e-03 3.242620217821262207e-03 1.955119998558703994e-03 2.080820664423443933e-03 1.471145912491086038e-03 1.600477956832495720e-03 2.276275638998699353e-03 2.266993723847761811e-03
3.593393448669660734e-03 3.283982863314959411e-03 2.725807278092006684e-03 1.370838850311026326e-03 3.874439228702836972e-03 3.626789379863601566e-03 3.444065298493306955e-03 4.134723590561449440e-03 2.245397862648717754e-03 2.174932612394640287e-03 3.945889224257259631e-03 4.364119480910091768e-03 3.056142441195214884e-03 3.239758495443945986e-03 1.426222473573749653e-03 1.109957313294319698e-03 1.502478582330708193e-03 1.511849561611465238e-03 1.923391229540781554e-03 2.014579610319977131e-03
2.777791567515645963e-03 2.958316551458977338e-03 5.166099013262731576e-03 7.824427630052369770e-03 6.986412490978189532e-03 6.193362703728294387e-03 3.606113997490150574e-03 3.048244157146998840e-03 1.348485284856764657e-03 1.425857508275054633e-03 2.002289202909018559e-03 2.662693722267581078e-03 6.465889605724058423e-03 5.622292043344443574e-03 2.996111359174835793e-03 2.231067650043385645e-03 3.207624146172354234e-03 2.955547577909253213e-03 4.640095875493369972e-03 4.769886917365253297e-03
2.323236301368973404e-03 2.427800415108965788e-03 2.603620345315601700e-03 8.719057775756487369e-03 6.997443742066736944e-03 6.255776754620820911e-03 2.406077794267666783e-03 2.386874672376613354e-03 8.070489216461418803e-04 8.091581276667939460e-04 2.338295680727299562e-04 1.237198972931765652e-03 4.156894729417910141e-03 3.875820938115162248e-03 3.324070994532212810e-03 3.495304547298475062e-03 4.682263446685378666e-03 4.777572605034493755e-03 4.523529130022116429e-03 4.638377744760733071e-03
2.256722377899776644e-03 1.995676626739057401e-03 3.053116467575122533e-03 1.937260150351559872e-03 6.669706832715463496e-03 6.638418686988495701e-03 1.348931199365570105e-03 1.361269144696029484e-03 5.275316259035366454e-03 5.319483604789362538e-03 4.703762203626973143e-03 3.777898262078592355e-03 8.197476718620185312e-05 1.284922203965136096e-04 4.022677663797633724e-03 3.586755046820910495e-03 5.809649252136431154e-04 5.726361010178461714e-04 9.905126621996313170e-04 1.131868630840368725e-03
2.472881064377915016e-03 2.347769246001383744e-03 3.166974459761450183e-03 1.545448917786495938e-03 6.225185771812254132e-03 5.964168713571546196e-03 1.573590190765711966e-03 1.697112644172763495e-03 5.723936522823117046e-03 5.694261319596111669e-03 4.643685597040370094e-03 4.135587083405264062e-03 3.933303857842707974e-04 4.301996171884535890e-04 3.518387393745842778e-03 2.968720277257179234e-03 6.080734545863604066e-04 6.024637724613176974e-04 1.208467827336394450e-03 1.352378394030801043e-03
2.746302397579735571e-03 2.183427798619032821e-03 1.326356092195274524e-03 1.538143331113397613e-03 1.003775117318307132e-03 8.538062922155340278e-04 2.010489361778972951e-03 2.201844159187637574e-03 2.095061068315574176e-03 1.934323660923526356e-03 1.681454863004755744e-03 1.713102155021097722e-03 1.184787977137218224e-03 1.371097227047184163e-03 1.700217140032934374e-04 1.526500911600310725e-04 1.077257524844078222e-03 1.110323687899446472e-03 1.255057373706040032e-03 1.333009798467132056e-03
2.483555877572808396e-03 2.002449019598949095e-03 1.565185648602681516e-03 1.469007586483417425e-03 1.241822251894940951e-03 1.121921191128052303e-03 1.883243489852159426e-03 2.074888007278381883e-03 2.855573870297979655e-03 2.564597185076101203e-03 2.227543214063043998e-03 2.272564899531593231e-03 1.237160465571885467e-03 1.402663421486461792e-03 2.972092299887529702e-04 2.561812699484053912e-04 1.073922026589908818e-03 1.061781968940316359e-03 1.196913160967758407e-03 1.231994759572107830e-03
1.776065980277948507e-03 1.910282179366673983e-03 3.093858754905883142e-03 1.791403988549700437e-03 6.029797190172195634e-03 5.723737738141780780e-03 1.215347661599572738e-03 1.526861498637036626e-03 5.976815137764763045e-03 5.945228439194434611e-03 5.261034697296395474e-03 4.488649529874311900e-03 4.313178295302578158e-04 6.351866468302762303e-04 3.012791989190386627e-03 2.580512073215965492e-03 3.212112574115552990e-04 2.517674081775876671e-04 1.375241990637484073e-03 1.504442746861537608e-03
1.690116046550020753e-03 1.940972675201284867e-03 3.183990706613060422e-03 2.426721848020650402e-03 6.064269890000919053e-03 5.682458052341525685e-03 1.293644008501813663e-03 1.642755535103641602e-03 6.073770772092933028e-03 6.026267942224089631e-03 5.587130399726282504e-03 4.775675349958098150e-03 6.607421118055031937e-04 8.525538786147372067e-04 2.983707741641304298e-03 2.549484321467693475e-03 3.490506336612136159e-04 3.657194986200200826e-04 1.640954200916826602e-03 1.743722229182747717e-03
3.926625963886590763e-03 3.291362083093761839e-03 1.724925243886351852e-03 1.090573331632442708e-03 1.515686560636776183e-03 1.450047828482327978e-03 3.242328197797320673e-03 3.188291020510812881e-03 3.341074246246663552e-03 2.897718736959583718e-03 2.831262575149904454e-03 2.869171896062865188e-03 1.122175754184894653e-03 8.071463392392124727e-04 8.268571748037260340e-04 8.780927291336663347e-04 1.647465350866483737e-03 1.558331003786365574e-03 2.383538621086234892e-04 3.008576827532369997e-04
4.356714467436018957e-03 3.708481772919901710e-03 1.649580614134761158e-03 1.217653195606531805e-03 1.348762474034753385e-03 1.279032653293140981e-03 3.245664979990555820e-03 3.207163792320906655e-03 3.219399197778637176e-03 2.829971889766538795e-03 2.789112478483465364e-03 2.646926998089910166e-03 1.235312387220041100e-03 8.925019659325284871e-04 9.142104438579667014e-04 8.792262557667685375e-04 1.870413058050554404e-03 1.769528020764560457e-03 2.313325623207163040e-04 2.263446090210326472e-04
