1.871796355130087257e-34 1.373197535660442318e-04 2.959119585074235226e-03 5.329196789541001608e-03 4.926116212120209767e-03 4.749037316842182055e-03 8.766449443856289339e-04 2.293900998472086887e-03 6.414916413466934843e-03 5.786929246999199423e-03 2.067356747128084454e-03 2.143996767042004141e-03 2.797763185692938876e-03 3.752636281852753108e-03 2.219705931092904368e-03 2.052510401949766451e-03 1.492381821646607829e-03 1.480763717070215013e-03 3.985376720385019542e-03 4.109705771615250816e-03
1.559759510237876444e-04 1.809350407388979447e-34 3.444878702275670952e-03 4.644521227135012600e-03 4.213574979638915440e-03 4.177251666331547979e-03 9.045498832300982598e-04 1.634346546023450909e-03 5.736058256197814308e-03 4.929307383180377145e-03 1.639504493418255434e-03 1.711017667937860844e-03 3.136603570666985415e-03 4.092759613099516969e-03 1.879636388022526937e-03 1.667950570554721165e-03 1.446256842014282664e-03 1.521055916585749247e-03 4.436382997255815253e-03 4.310725435238841989e-03
3.851256912944316449e-03 4.168390479831062152e-03 1.648871864593842087e-34 3.775080675133081921e-03 4.424159808286106006e-03 4.721284391353050731e-03 5.566041496197917694e-03 7.912518211887990122e-03 9.118601460382014245e-03 8.493415649769003178e-03 4.908419387899078112e-03 4.152115039535148218e-03 2.037709908712416907e-03 2.271230903651802208e-03 2.771963301250607043e-03 2.940965915407885156e-03 3.937076753009857884e-03 3.613644301251684246e-03 2.157639931057343460e-03 2.173814362028700462e-03
3.619370498252587418e-03 3.528394464345956452e-03 3.856946878186649254e-03 1.845151816511442824e-34 5.697913273464648258e-03 5.465388545652866484e-03 2.739957930451332631e-03 4.427969030163544754e-03 8.833975062107229936e-03 8.415233162972301714e-03 6.696288165956796809e-03 5.846519960224103897e-03 2.595046868657946079e-03 3.411323920403539801e-03 3.735351519530488544e-03 3.489846416448600872e-03 1.872976033036921660e-03 1.965181296298408858e-03 2.312523817466608650e-03 2.282474543786004988e-03
6.853251513713179074e-03 5.424976057995793688e-03 2.082469904166664269e-03 2.150786000862219167e-03 1.754261901838590956e-34 2.707396623410803017e-05 4.968782451594304199e-03 4.588663737854115250e-03 1.084104273055000499e-03 9.458887847651235251e-04 2.095733029859679197e-03 2.370502243480544346e-03 5.029862561862058143e-03 4.562096390938019663e-03 9.697722272405750283e-04 1.099601459500350494e-03 3.018655298428162687e-03 2.777564337113667872e-03 1.918896699778900421e-03 1.732496803496170459e-03
6.310885443804662744e-03 5.083737800808600486e-03 2.184252561591116300e-03 2.316614829753443731e-03 2.673242446200044730e-05 1.754313300905330330e-34 4.475016028243734671e-03 4.371634016980300089e-03 8.582907833038187773e-04 8.986887967089430933e-04 2.331325972464754533e-03 2.199688997292635617e-03 5.024025207482554246e-03 4.418722894227677077e-03 8.859516040156946133e-04 1.050687376206143947e-03 2.855967137943351674e-03 2.682703356419651429e-03 1.929069001404573776e-03 1.723877644028997628e-03
1.256424704733190767e-03 8.906582451338480172e-04 5.597131711520905543e-03 3.683159007257311591e-03 6.106543707975942495e-03 6.187682216392458544e-03 1.828217322208778975e-34 1.408989780054101422e-03 8.028701042264125426e-03 6.839219217109571321e-03 3.535563086147837375e-03 2.775759483128133458e-03 4.886369659256702830e-03 7.067265895712930568e-03 3.844950915198425481e-03 3.163644354287912554e-03 2.478308286415199096e-03 2.526754614965260118e-03 6.908366212491186958e-03 6.747898674065801877e-03
2.840408968378505851e-03 1.727265588679046445e-03 1.034697756451097642e-02 7.460967400363852087e-03 6.800679211221534633e-03 6.493602837244681798e-03 1.121185716667832087e-03 1.890585825616152052e-34 5.732021081025672621e-03 5.577698475649854430e-03 4.120897322147046120e-03 2.838854811450647157e-03 1.132023665396004672e-02 1.416441656865444210e-02 4.830300097122304168e-03 4.359733934642969974e-03 3.793003680838669817e-03 4.280715557510553389e-03 1.290333929212700813e-02 1.291551309000237187e-02
7.110945466427722426e-03 5.226711946394005902e-03 1.327401709562895521e-02 9.119580118256755477e-03 6.030469081367208217e-03 5.067165020779845069e-03 4.097406896688053288e-03 3.060766752622969943e-03 1.816195011358003115e-34 5.170794398569052397e-05 6.604215209388259421e-03 6.198173746381171675e-03 1.817393756680989875e-02 1.948275879495567006e-02 5.032694459421941345e-03 4.465036821973647485e-03 5.452506116742382447e-03 5.825468114779052894e-03 1.445923219632818356e-02 1.489904466859612135e-02
6.557037469344677641e-03 4.543711290471069697e-03 1.191556445926048730e-02 8.251466561508524408e-03 4.510046362871483923e-03 4.169592359387025958e-03 3.636684465532907633e-03 2.787128968781968103e-03 8.729313030912433683e-05 1.888284622557607924e-34 6.119507185171466426e-03 5.970557441061175030e-03 1.652424787434499456e-02 1.828479263996855841e-02 4.412903949471162421e-03 3.985646780000108580e-03 4.918480216516840295e-03 5.256046835784319686e-03 1.290297814155717641e-02 1.272856190509104486e-02
2.471652166784964709e-03 2.486385852264221680e-03 6.150256454960225522e-03 1.155220337018908298e-02 7.196730649387503981e-03 6.728450740482994769e-03 2.498480293706411160e-03 3.966237055843220734e-03 4.901965902512576273e-03 4.722983917248453449e-03 1.897670138237121361e-34 5.958123782787478782e-04 9.254985370017143956e-03 1.056267970286685863e-02 4.358024309199192564e-03 5.063415258397867269e-03 5.550867389456429039e-03 5.520633063124186050e-03 1.016149557698060694e-02 1.048593929312169673e-02
2.546546555644090427e-03 2.450225669146577443e-03 5.734219195601682889e-03 9.228439479740445026e-03 7.739536626807834788e-03 7.603237789236801450e-03 2.162816785050040731e-03 2.697425356446929955e-03 6.455448488463827461e-03 6.337684433108812382e-03 6.139032424853640979e-04 1.924610624845261320e-34 9.160276887857267056e-03 1.161571069643216672e-02 5.406466946691630866e-03 5.398416839675314154e-03 5.884207609575917326e-03 5.880973989654085521e-03 1.098224366451355620e-02 1.127042185760256977e-02
3.108647541935092695e-03 3.899277455242656978e-03 2.873113961220129589e-03 2.669443394067210363e-03 7.739265365883336162e-03 7.583986209147770309e-03 4.415288227412188758e-03 7.759579902043038310e-03 1.205183542874965243e-02 1.163287995291811296e-02 8.998664897212495239e-03 8.126829731200749599e-03 1.864800550319062348e-34 6.799474924540172352e-05 4.569272647791242613e-03 4.248544441736445965e-03 1.314149591750776985e-03 1.141091014468715399e-03 1.053054650232324247e-03 1.236473622176775247e-03
4.139426371630168348e-03 5.140637369795678438e-03 3.073204887556195593e-03 3.226927060262904570e-03 7.935928403508112419e-03 7.665507521201640230e-03 5.833690111306790056e-03 9.399540762278606187e-03 1.226343218275466503e-02 1.190601089290981886e-02 9.804465629297423254e-03 9.573854950833486296e-03 6.764991319870128470e-05 1.873964796473715320e-34 4.884666441208567259e-03 4.587658230301815479e-03 1.968132541696806376e-03 1.704531167986442046e-03 1.039235871050876725e-03 1.194410222693716031e-03
3.323811156248783743e-03 2.881728647752250343e-03 1.814519681005963541e-03 2.453989895815600255e-03 1.393631121620919492e-03 1.116127787631787443e-03 2.607782642245742161e-03 3.441696638863463598e-03 2.201494692054496629e-03 2.167922421877528216e-03 1.669734081972660189e-03 1.885258096855817319e-03 2.110035420371525038e-03 2.633178854598816534e-03 1.823260884851886392e-34 1.251950634092213245e-04 1.069966995018218096e-03 1.075542773208397343e-03 2.030238544274580448e-03 2.082024785077349512e-03
3.178853990710361118e-03 2.619886602828529372e-03 2.390357096378509412e-03 2.485776405268159614e-03 1.698594103537449983e-03 1.381302633088874127e-03 2.206788142665127433e-03 2.871699499296388215e-03 2.267176851742831300e-03 2.141318359895901836e-03 1.752766327561643611e-03 2.054500402692856394e-03 2.763262210268425771e-03 3.054174976421015434e-03 1.259327911099517310e-04 1.856460763633611288e-34 9.549166988681472620e-04 9.538597379442512137e-04 2.719040204509833372e-03 2.548126308316623918e-03
1.808494548110279503e-03 1.987296854353410875e-03 4.228592099142371163e-03 3.039660169862630490e-03 5.821574456876942028e-03 5.690153360456587199e-03 2.156706405455338996e-03 3.760255592864422160e-03 6.932672960273097117e-03 6.553381420929182619e-03 6.204615653834467601e-03 6.346381029478744863e-03 1.405956101241266762e-03 2.114219335309360653e-03 3.499758400624530461e-03 2.807009589883465491e-03 1.818540468321532379e-34 2.367217474616061586e-05 2.522950282648218565e-03 2.678115408565925892e-03
1.745941819592542474e-03 1.915967195525398147e-03 4.020741130994639166e-03 3.188908399389556430e-03 5.807284165258557070e-03 5.541529383324515258e-03 2.234798791315319340e-03 3.825094282884047153e-03 6.910679480170073274e-03 6.480602485247313055e-03 6.006397151574614963e-03 6.243398317979867961e-03 1.211502395993397513e-03 1.777737180820867331e-03 3.447785036887793687e-03 2.731954987987943173e-03 2.330454169902952417e-05 1.901180948031570432e-34 2.273122026770694852e-03 2.455977044497791549e-03
5.289775965406654824e-03 5.263107154440132933e-03 1.305811981438931031e-03 2.090334942244921092e-03 3.179088250254599648e-03 3.004827421830154853e-03 5.625230390309672764e-03 7.117250291183704197e-03 7.139938186674869326e-03 6.914196642404218419e-03 5.285016604948947726e-03 5.024719880313231572e-03 9.948703738204397930e-04 7.446396283247086250e-04 1.872807415743979595e-03 2.198743097230065977e-03 2.774372825410971986e-03 2.497016307406087904e-03 1.844093410617518810e-34 3.653295735511254556e-05
5.533008108040411537e-03 5.532581412789640100e-03 1.412209729067535500e-03 2.055767097028953893e-03 2.941483183023551121e-03 2.790274977612954271e-03 5.669490501338569736e-03 7.102380334290890260e-03 7.012757592513920411e-03 6.824568800141661735e-03 5.065758223200524969e-03 4.733193086166893188e-03 1.112724342944181781e-03 8.872248309734305158e-04 1.676043012221143692e-03 2.067434195459970630e-03 2.931731381115086459e-03 2.658538911260072395e-03 3.822935240824454307e-05 1.861038968396437870e-34
