0.000000000000000000e+00 4.510678411673334698e-05 9.580830158447990871e-04 2.527310282549121746e-03 2.259092331310331037e-03 2.157212910513785827e-03 2.864253043324184065e-04 3.075788503252093625e-04 2.454829365601487838e-03 2.139988226768702994e-03 9.210686813023549573e-04 9.998553895366661757e-04 1.147572621826668847e-03 1.402823367961234706e-03 9.597816356940889939e-04 8.566680213491516043e-04 7.082043723196332786e-04 7.081446219518439372e-04 1.549142415373439734e-03 1.676144391481964539e-03
5.094641187039950381e-05 0.000000000000000000e+00 7.760004697980572245e-04 2.137931757467642028e-03 1.875610462691592933e-03 1.833015526912772650e-03 3.381486274700462201e-04 3.619994448534462361e-04 2.390067438194982963e-03 2.012974894451693975e-03 7.526372872672812625e-04 7.668124424692824214e-04 1.001980623469608811e-03 1.248097775663852688e-03 8.163761193976255262e-04 7.220563072048197424e-04 6.640917636468218928e-04 6.906786010844980558e-04 1.439004693032654072e-03 1.529366383205472664e-03
1.227160830849999620e-03 9.254021950388565667e-04 0.000000000000000000e+00 1.245689452299061396e-03 1.540860459984887869e-03 1.736263406444768075e-03 8.327735961332811705e-04 7.862509875204132638e-04 2.943997658149373389e-03 2.578793841089725442e-03 9.552068457446727563e-04 6.811683294805505979e-04 6.596442721887930179e-04 7.480996507274306068e-04 1.024948010307967505e-03 9.508941654391173549e-04 6.965330377657046740e-04 6.798626460675294891e-04 7.969309719721798810e-04 8.528070699522978830e-04
1.712641860827240859e-03 1.638218404061165916e-03 1.062549899393883026e-03 0.000000000000000000e+00 2.647718136007637304e-03 2.573245881337431033e-03 8.986024452603042943e-04 1.591059346104981616e-03 3.867725901959422757e-03 3.685511752918708105e-03 2.497605638086930046e-03 2.207830172820239058e-03 4.479699674336519531e-04 3.807117613876138669e-04 1.625698117004044764e-03 1.380858397679289454e-03 5.665821498246545723e-04 6.137299314381344448e-04 4.154500646175430210e-04 4.470605592227150566e-04
3.127187642023074050e-03 2.410144386903190824e-03 1.438263477128845014e-04 4.592414479169777491e-04 0.000000000000000000e+00 7.230677614903386446e-06 1.956790775383701175e-03 1.963514619184098496e-03 1.243556206917222063e-04 1.132475033141378126e-04 6.075783152557297272e-04 5.489870900298042707e-04 7.641864392828724793e-04 5.661105686272637503e-04 2.117475800845031685e-04 2.616473769220878311e-04 1.123267719532055741e-03 1.009624172651900137e-03 8.968163667017740490e-05 7.053032538633395630e-05
2.900508484153742697e-03 2.258301258277840406e-03 1.547980339771670992e-04 5.212378528803859141e-04 8.850686984634796166e-06 0.000000000000000000e+00 1.787739260063539708e-03 1.818591639817669593e-03 1.140461474782176928e-04 1.097381614985123158e-04 5.426963088754024238e-04 4.828944164554999021e-04 6.606192728720338726e-04 4.968780936929043145e-04 2.005844204096761906e-04 2.411904436027952168e-04 1.026792464278899076e-03 9.340839562828685870e-04 7.372717176654005862e-05 6.295590475961471784e-05
4.529110260476972710e-04 3.885187460844052713e-04 1.007382706094174258e-03 1.761509978159944397e-03 2.786976336183507718e-03 2.873513874297421201e-03 0.000000000000000000e+00 4.909099686364662690e-04 3.603295099412192302e-03 3.136240836983166577e-03 1.566891516683826960e-03 1.198066889697768384e-03 1.176936453462944015e-03 1.485128115885432599e-03 1.611627540369317893e-03 1.407836833390970583e-03 1.127739650307969582e-03 1.112082992920437625e-03 1.850403768287809487e-03 1.945554578371268143e-03
3.066216067477039228e-04 3.054607488747433782e-04 1.006511729348089383e-03 3.260519926493896277e-03 2.878263771975033639e-03 2.831103593555136209e-03 3.943533448212766857e-04 0.000000000000000000e+00 2.782127968048231544e-03 2.647742823681067167e-03 7.293662025102794428e-04 6.600941861228378036e-04 1.941501299292063129e-03 2.299815826767734762e-03 1.460016575638684901e-03 1.445932002622360912e-03 1.274819384099668039e-03 1.229383013411683781e-03 2.479423014677142011e-03 2.634979434048236122e-03
1.532798264467066882e-03 1.427839137490692634e-03 2.306304579950364114e-03 3.354343421741906237e-03 2.468929247079081069e-03 2.095155101727295011e-03 1.319406844764000252e-03 1.119045571499496751e-03 0.000000000000000000e+00 2.178152957867947976e-05 9.472662055051482653e-04 1.400745966904733695e-03 1.790891760995485561e-03 1.845356546382436727e-03 7.747601540079426721e-04 6.595333319655950028e-04 1.297933747025832715e-03 1.191736453906645224e-03 1.995283468252532274e-03 2.199982902395512981e-03
1.388265951437117314e-03 1.223703262554324666e-03 1.858131157903980535e-03 2.902600132160126998e-03 1.930003467299495554e-03 1.616170927200139256e-03 1.083123546910832015e-03 1.008913661165893906e-03 4.109053835435249940e-05 0.000000000000000000e+00 7.764587025962553166e-04 1.121604338485407241e-03 1.439345133507802764e-03 1.466982866609668496e-03 5.843258386477285333e-04 4.996912727361646229e-04 1.087849149806239353e-03 9.885260552557634944e-04 1.572402722735683454e-03 1.761430876363845452e-03
1.212276472058467598e-03 1.215921216157213238e-03 2.276213774595120705e-03 5.142428585968571511e-03 3.356852424273130530e-03 3.125540398231238352e-03 1.116149418489652744e-03 5.802306384063785896e-04 1.392530178155676306e-03 1.444852397945375596e-03 0.000000000000000000e+00 2.292179619593810052e-04 3.715456815698456056e-03 4.212459524018590667e-03 1.933818382031476458e-03 2.167435799997799017e-03 2.591793879964238417e-03 2.545990087587387575e-03 4.346274292069732779e-03 4.503211290953301402e-03
1.216343297806624568e-03 1.206134634598252618e-03 1.791674669366596917e-03 4.254426502115043508e-03 3.637179324051241069e-03 3.540867835545418070e-03 9.618092215468126809e-04 5.313222781894149510e-04 2.541906019699655996e-03 2.532269653851800147e-03 2.546377870427794137e-04 0.000000000000000000e+00 3.607249708328364151e-03 4.204337166493922646e-03 2.400728793698108515e-03 2.516210573986693306e-03 2.700615852635071881e-03 2.690598665654102360e-03 4.445799200802388884e-03 4.554929369315169688e-03
1.043293110566668709e-03 1.155039390367654066e-03 1.307160976242810252e-03 9.788471279440860186e-04 3.233932778006706060e-03 3.262646935043735704e-03 9.151705702469503352e-04 1.724640162417460714e-03 4.001128561694451864e-03 3.771834723146639742e-03 3.158946395528159420e-03 3.011111064138610564e-03 0.000000000000000000e+00 2.950070145726774116e-05 2.080617729450146003e-03 1.772719339447292614e-03 1.622854609748669975e-04 1.849099348798521631e-04 4.828833037415264829e-04 5.640041638932404532e-04
1.185075951822437768e-03 1.266697389380641667e-03 1.372124293472032222e-03 9.627687296651501548e-04 3.109182876069419097e-03 3.118851184031288214e-03 1.030750524183046560e-03 1.817974330232301986e-03 3.719657449784774007e-03 3.510244005150351971e-03 3.248877902108111143e-03 3.175626399294200104e-03 2.898902317811492436e-05 0.000000000000000000e+00 2.075490602490388456e-03 1.729985605368851258e-03 1.553917045192252430e-04 1.747282767659671574e-04 4.770129657229270478e-04 5.563427510990814027e-04
1.591293062744471645e-03 1.283181869942310671e-03 5.036466231052986499e-04 1.026523114672403840e-03 5.513753986312308879e-04 4.322805456103340953e-04 9.764012933745114297e-04 1.074196242181698225e-03 5.531280393963287087e-04 5.534263578340813594e-04 3.890269542062261849e-04 4.742107970103037577e-04 2.938274197286859209e-04 3.174613079058945220e-04 0.000000000000000000e+00 3.837357554785957497e-05 3.212467453234549384e-04 3.520930857043822761e-04 3.573055099978307862e-04 4.203693873624116508e-04
1.470337849503200803e-03 1.174312409301278689e-03 6.898828023077542559e-04 1.002965831682674095e-03 6.980917183984043173e-04 5.646282849595087505e-04 9.093959710235061935e-04 9.527223701932042467e-04 6.439357731510116306e-04 6.015623773175883451e-04 5.173454509149365754e-04 6.113055268335623738e-04 3.287240802474704175e-04 3.327833889976476397e-04 5.138121679008285548e-05 0.000000000000000000e+00 3.088306937509641289e-04 3.402355873336980994e-04 4.015883485768328488e-04 4.508377414685460060e-04
8.827734305009923843e-04 9.778404146127130884e-04 1.424441563627859043e-03 1.458064148457823960e-03 2.757952372288919891e-03 2.709351048079795387e-03 9.743247816910349714e-04 1.548410721299374243e-03 2.835720276837470390e-03 2.679099814063544763e-03 2.793475042675953608e-03 2.931642783665607162e-03 1.589818198983296911e-04 1.840874051843423645e-04 1.698938882364750373e-03 1.364744078268877473e-03 0.000000000000000000e+00 1.157176207943900117e-05 6.244923358154510053e-04 7.081518166776317336e-04
8.612688337023129094e-04 9.430108825595877884e-04 1.349048349042556187e-03 1.532262654223172328e-03 2.680590579708425850e-03 2.634395156923776803e-03 9.895488305022178115e-04 1.516058734746097113e-03 2.719805454635557118e-03 2.556874903901645152e-03 2.711728086251908448e-03 2.878746201199867700e-03 1.896633032646131457e-04 2.106039955341274547e-04 1.672363715677960315e-03 1.332396583940998651e-03 1.135159307832223205e-05 0.000000000000000000e+00 6.443067191208922632e-04 7.372000207504817663e-04
1.645743983409411054e-03 1.273468037783938127e-03 3.781090724412809550e-04 3.826710239327960755e-04 9.405764210729697199e-04 9.405019834255563208e-04 1.031077421799185025e-03 1.034935153638031615e-03 1.833039981910606709e-03 1.639860093064136187e-03 1.040567760985188547e-03 9.632027321155964706e-04 4.429713715358165552e-04 3.213808031244830038e-04 5.276405117465535633e-04 4.538554987816102227e-04 6.406057022994216714e-04 6.259623615006743198e-04 0.000000000000000000e+00 1.713628884303116490e-05
1.762359405556441312e-03 1.382227018599583440e-03 3.799101469296511306e-04 3.289734323167829407e-04 8.587460956550287865e-04 8.496338347759977046e-04 1.075615505829377551e-03 1.023963169899571105e-03 1.723772571593992992e-03 1.543421018404288192e-03 9.582619557445654860e-04 8.921456288014954685e-04 5.144863451443299797e-04 3.780176188337035963e-04 4.548932252003159656e-04 3.981239411577970513e-04 7.050583905023447050e-04 6.848794326478311895e-04 1.811266137670947045e-05 0.000000000000000000e+00
