0.000000000000000000e+00 7.970165249278639286e-02 2.150431537351440159e-01 2.298768982521797732e-01 2.551278249312152191e-01 2.497717291839266773e-01 1.708914310457756713e-01 1.830447788783341467e-01 2.065972448214096757e-01 2.135067164559143471e-01 2.123300139720360746e-01 2.010778810414832196e-01 1.874065703266965810e-01 1.972202076371362689e-01 2.047232582153934444e-01 2.028726115170098876e-01 1.670909278411502885e-01 1.639548188225190273e-01 2.177170262401323941e-01 2.128027361434175480e-01
8.319867018645724088e-02 0.000000000000000000e+00 2.185467042948140148e-01 2.285065227218430195e-01 2.495450806930626930e-01 2.488149308938178428e-01 1.778373766967588088e-01 1.897501516868555227e-01 2.092165170238134975e-01 2.152156070993190840e-01 2.203403716225432463e-01 2.005491305892659337e-01 1.901058367966845519e-01 2.014107764263746436e-01 2.033013282110025521e-01 1.946628414913573746e-01 1.664494040027189037e-01 1.638250850549954618e-01 2.175810196983405387e-01 2.114408167563417706e-01
2.252226156059487783e-01 2.170546115557753786e-01 1.649673569020088659e-01 1.457408390510663287e-01 2.314423313583540420e-01 2.257219510507892657e-01 1.727359863881788304e-01 2.100961745548161064e-01 2.250112473307724070e-01 2.229864376887010502e-01 2.197982836769079296e-01 2.078764948053888617e-01 2.005075189993313911e-01 2.030296392661909421e-01 1.968149415052236895e-01 2.245632443340727646e-01 2.034545311864936201e-01 1.988940269189717891e-01 2.271933866710534322e-01 2.177809336727770384e-01
2.329783753495172360e-01 2.155688011220569245e-01 2.114468363261686190e-01 1.274957294797397778e-01 2.520240715277729526e-01 2.643392155966415857e-01 2.084006967997026893e-01 2.022240837032689975e-01 2.157747332961152120e-01 2.180651949876315498e-01 1.822549348467064623e-01 1.878060782551088104e-01 1.910786443663088086e-01 1.962124084239299793e-01 2.310106288245721284e-01 2.319296352323521881e-01 1.802281072350205571e-01 1.826880908141240711e-01 2.158388573686200462e-01 2.174263350458021105e-01
2.853205336907611023e-01 2.771245173303067411e-01 2.513793138186374287e-01 2.750308435652074057e-01 1.567483138769157347e-01 8.888851647687226465e-02 2.819937654506601832e-01 2.773025352772490737e-01 2.809871096244223043e-01 2.749493090045775912e-01 3.060969953993059600e-01 3.051287195390324780e-01 2.656569247133474532e-01 2.655444655580696534e-01 2.195643640861859314e-01 2.236017244732501907e-01 2.667451007340445601e-01 2.695483009151442011e-01 2.366158752427332812e-01 2.419846613713395322e-01
2.871908263531409156e-01 2.775824725091616818e-01 2.554553864517870587e-01 2.700276794626993437e-01 1.542279101800483887e-01 6.707879276254074028e-09 2.672319499994618708e-01 2.742060036845904714e-01 2.817177685948342725e-01 2.744279376037682683e-01 2.978680092274197388e-01 2.952801046424269882e-01 2.600085673601334468e-01 2.640809076149714940e-01 2.166426195082445383e-01 2.283041520319474271e-01 2.578773144385820282e-01 2.673121045449491917e-01 2.239610180179485155e-01 2.288510024339844851e-01
1.684168071953542345e-01 1.705509656808819330e-01 1.904703178428983901e-01 1.944324122231301244e-01 2.605446818974689327e-01 2.591070735669512293e-01 0.000000000000000000e+00 1.407445034531019379e-01 1.984316979389673663e-01 2.061587202959721810e-01 1.757206790391875051e-01 1.912222246072985687e-01 1.581693349277192850e-01 1.656292948579277113e-01 2.072633538550035237e-01 2.118443825658550828e-01 1.752306776268802435e-01 1.667766277755388105e-01 2.040017874533867070e-01 2.206104970956491440e-01
1.616566068105552145e-01 1.706856649749929067e-01 2.106462430599682911e-01 1.998935556136187119e-01 2.524098504916668095e-01 2.454777307749851645e-01 1.385238516136418907e-01 0.000000000000000000e+00 1.523004718937426838e-01 1.639675328074826355e-01 1.596790942854405815e-01 1.740651431585827913e-01 1.828660603183909772e-01 1.890565531426120216e-01 2.043376682043824832e-01 2.011280901206408123e-01 1.719145801410507934e-01 1.715328012647579226e-01 2.169383518606173844e-01 2.193304553667864421e-01
2.095764573488663463e-01 2.098529987995049473e-01 1.927108275539707594e-01 2.026352667816442854e-01 2.606645134642606165e-01 2.532212314287629051e-01 2.146199371616390739e-01 1.923033451129926852e-01 7.887118765842737744e-02 1.013410752105460555e-01 1.591321726575317119e-01 1.713755312390931596e-01 1.392315098463708378e-01 1.443152840577121288e-01 2.221229913274827827e-01 2.180264826113854915e-01 1.809842392147460177e-01 1.921818250163544461e-01 1.943382487200699393e-01 2.035217760834035217e-01
2.204100887080393256e-01 2.180214646409195101e-01 2.064436585524637990e-01 2.040519540138751031e-01 2.591019398790774253e-01 2.501566609927879936e-01 1.974296138178634752e-01 2.063418129277633517e-01 1.059980644418985901e-01 1.242025906737661278e-01 1.720685773073648006e-01 2.024658321116734327e-01 1.819328407005786352e-01 1.820304274616073859e-01 2.235887835961559988e-01 2.206086212380655720e-01 2.104915575057578758e-01 1.995566808224830957e-01 2.032142524641221970e-01 2.149348458978525833e-01
2.054249365150881967e-01 2.005374295907111359e-01 2.245345062277903370e-01 2.516577944410014478e-01 2.759342029126375384e-01 2.765987938530854451e-01 1.701172578499760280e-01 1.759110791928459594e-01 1.419362237202334565e-01 1.630025046622091134e-01 6.707879276254074028e-09 1.484737942107197672e-01 2.135573275262193371e-01 2.042810275808890352e-01 2.397671478160961767e-01 2.321715987691385097e-01 2.216028663160736489e-01 2.193795546453151390e-01 2.425107699994790422e-01 2.390082750598780392e-01
1.847470283849850792e-01 1.858710519415020246e-01 2.215232867077433498e-01 2.112673213045432319e-01 2.737443423993661251e-01 2.717971622538665200e-01 1.709797487171772212e-01 1.692524895152625886e-01 1.948866773455159851e-01 1.713357060247758801e-01 1.096219977119995137e-01 8.215440741506100994e-09 1.546882244020951758e-01 1.676730360727239910e-01 2.316246658892881505e-01 2.254100695250446651e-01 2.137536305938513015e-01 2.164883214721361193e-01 2.497427047814782530e-01 2.462345897343892753e-01
1.815407531607564628e-01 1.831052673586053836e-01 1.709621448800457133e-01 1.781305765018245946e-01 2.589728105093026533e-01 2.577831779958376646e-01 1.604449928322724261e-01 1.820479732532997164e-01 2.018242933837129383e-01 2.065009759832064917e-01 1.956121961765444062e-01 1.821559918870988282e-01 0.000000000000000000e+00 6.635488571458134088e-02 2.101417034964866981e-01 2.025871402202255589e-01 1.425568848360768970e-01 1.486792088750952257e-01 1.821472384047719550e-01 1.927745217171272230e-01
1.925103656105138783e-01 1.896788988132351861e-01 1.801495172011724766e-01 1.660843423154617360e-01 2.624024425855206455e-01 2.621289132124001720e-01 1.645271106784500781e-01 1.879889116412958028e-01 2.069837837121372981e-01 2.126381520451149920e-01 2.186765840432795260e-01 1.619188854744450512e-01 5.399468921640942359e-02 0.000000000000000000e+00 2.172061532176131349e-01 2.048006387772246528e-01 1.415086901301915445e-01 1.542264461734841607e-01 1.924124876653805216e-01 1.994928352144434147e-01
2.293771901516589717e-01 2.203503055217053697e-01 2.231363315655315871e-01 2.521270274626600250e-01 2.183146639790135013e-01 2.128301683885180373e-01 2.256876246666054964e-01 2.201638747714866617e-01 2.488048973048122281e-01 2.467397472581956130e-01 2.490390059201096351e-01 2.500728996675450344e-01 2.276748845666176357e-01 2.311616534230358233e-01 9.486373847239932156e-09 1.114070255301582157e-01 2.106021296993149383e-01 2.174558640498066853e-01 1.867878990790633742e-01 1.892090693756200148e-01
2.134834796999990070e-01 2.041981438159680973e-01 2.237742199729925163e-01 2.272113710473700754e-01 2.214995268480174084e-01 2.169824164543557310e-01 2.139725764544494202e-01 2.163104799741983331e-01 2.172563060366887455e-01 2.229020227713931490e-01 2.369279066265182476e-01 2.509989230297596241e-01 2.097367208194474142e-01 2.126059773535936004e-01 1.265553959721213706e-01 0.000000000000000000e+00 1.975564373993408396e-01 1.882846661652757270e-01 1.956573231081484565e-01 1.896613828501020615e-01
1.792548202266014967e-01 1.833626291788870988e-01 1.906606876046169352e-01 1.748474831810754582e-01 2.551354885439368059e-01 2.493814824253510753e-01 1.535414993433051878e-01 1.861739913663872092e-01 1.771675855850856351e-01 1.863921967066087260e-01 2.030576152632949105e-01 1.683798771051212007e-01 1.336924628239000989e-01 1.351388094607982038e-01 1.877646794224210325e-01 1.728915210870009544e-01 0.000000000000000000e+00 1.475179163360657575e-01 1.811888519117847152e-01 1.781132444805223758e-01
1.672444668596121120e-01 1.710644377485522338e-01 1.865881139354120810e-01 1.701776835278016875e-01 2.547843948374389211e-01 2.478416821111585899e-01 1.566814515699165578e-01 1.708930794578585599e-01 1.985768779315796317e-01 1.988719086433098360e-01 2.053005916979989964e-01 1.594496584822455987e-01 1.347497828244292595e-01 1.439755188990481105e-01 1.802748235687854916e-01 1.696503032393486543e-01 1.176112394041993608e-01 4.743186923619966078e-09 1.796126432094014291e-01 1.732222774474349858e-01
2.303017476163244093e-01 2.183973731979278743e-01 2.018614717782097612e-01 2.297430182744837901e-01 2.141348475769342952e-01 2.102150115717154877e-01 2.097773360656461916e-01 2.227940073869614790e-01 2.290096698179010237e-01 2.339558094178803838e-01 2.570368561290800602e-01 2.513872511995259296e-01 1.909364192118097603e-01 1.982083820583420419e-01 1.797282720121709254e-01 1.848521049497892088e-01 1.944932903906968213e-01 1.904991080179658514e-01 0.000000000000000000e+00 1.617486887125148265e-01
2.342414928806291208e-01 2.219742950471553511e-01 1.990503827964765216e-01 2.319036825887511311e-01 2.082841522045058014e-01 2.083908290609361724e-01 2.224073025976565920e-01 2.225740163898190516e-01 2.387612096705863107e-01 2.486603985947052897e-01 2.405972836176968888e-01 2.422756387856210558e-01 2.046955596557682167e-01 2.082526699661224889e-01 1.659867926337139366e-01 1.780037065791695849e-01 1.989206526528778385e-01 1.890247463377643378e-01 9.380486001549215302e-02 4.743186923619966078e-09
