1.652408911969616609e-33 1.557505891772547723e-04 2.031753580693185235e-03 3.749088810018994834e-03 4.947858136989536325e-03 4.676882957909215752e-03 6.769116299182364798e-04 7.081758797124426642e-04 4.845460224933684744e-03 4.613576982880164719e-03 2.135013329677519067e-03 2.181078106133898468e-03 2.103814633196576193e-03 2.705755029215237226e-03 1.768669282046353127e-03 1.594558215698658197e-03 1.333319199908323096e-03 1.326176213333925919e-03 3.204414030230264086e-03 3.521192498380688960e-03
2.227025497559053193e-04 6.824310787724471359e-34 1.705053904550574628e-03 3.360528228856215008e-03 4.236013288970462420e-03 4.039110353896697807e-03 9.394391911600576475e-04 8.859757842817964080e-04 4.529061061553217409e-03 4.291197645525616534e-03 1.668501972112928534e-03 1.815536432731585346e-03 2.085338179222337007e-03 2.558974738372910875e-03 1.433621580141211053e-03 1.308884215603845500e-03 1.325229104970207256e-03 1.281939093680196581e-03 2.991324973097053957e-03 3.133817520105200340e-03
2.772346034154904350e-03 2.565789749707343258e-03 4.973398134140442153e-34 1.539455782517241880e-03 3.702847477964294441e-03 3.581802899351990265e-03 2.575163447043292680e-03 2.469041278296429248e-03 5.374011441502995340e-03 5.187230815163316328e-03 2.456054036624361146e-03 3.129955966116997404e-03 1.513768739116685361e-03 1.696274879633323214e-03 1.643305491310963120e-03 1.568611925813352985e-03 1.224510363367999803e-03 1.382576706990669077e-03 1.534951810774850146e-03 1.396168406635292861e-03
3.871319163822238996e-03 3.838892020396065911e-03 1.433345558880646988e-03 3.223394244832904470e-03 4.132605756461784838e-03 4.112314697064326126e-03 3.114517005847799048e-03 3.400220382666598734e-03 1.965080197733352820e-03 2.858665275522829629e-03 4.888709916039804537e-03 4.409070366925486699e-03 1.408777824475458120e-03 1.203423524405619312e-03 1.973380655116946641e-03 1.363011130568831915e-03 1.729592629479376892e-03 1.789286028413383150e-03 1.117521193394693064e-03 1.145543986878548668e-03
6.950606295150719635e-03 5.536131891785363995e-03 1.848874995797996062e-03 1.827400322763196670e-03 1.088684724270551389e-34 2.655170905845601360e-05 5.347034195709072721e-03 5.028695989847268080e-03 1.747112298573798165e-03 1.515597585730903271e-03 2.755642059175238915e-03 2.862455692149204999e-03 3.138140796058410363e-03 3.032782395090874439e-03 9.660873610226450693e-04 1.124488160798130980e-03 3.463639033192925532e-03 3.422440274182140651e-03 9.723016894304557182e-04 8.645414415876480959e-04
6.476820123739442624e-03 5.186982443245835572e-03 1.766831686087764466e-03 1.852187802058007614e-03 2.634380983185611385e-05 1.670364248207020249e-34 4.863947036590019618e-03 4.690757328769118092e-03 1.522861541683146391e-03 1.334591845717999310e-03 2.782318389390162246e-03 2.789708567522140512e-03 3.073588776309072509e-03 2.759759540282035340e-03 8.121060843766027574e-04 1.040846414958247670e-03 3.113054608504899762e-03 3.109949736281736841e-03 9.689474480941162333e-04 8.748562613877861180e-04
6.662408142024257678e-04 8.242355296173390104e-04 1.764873145819270857e-03 4.336041998940803888e-03 6.362512028045657665e-03 6.381733143988473599e-03 2.020120039282214902e-33 9.539897070940235547e-04 6.498965908232941756e-03 6.009415691912667508e-03 2.470327367329995007e-03 2.329518892297247415e-03 2.052214399896654107e-03 2.423042758802176726e-03 2.983582128958065394e-03 2.952685654888848911e-03 1.229653487030334287e-03 1.257351652922284683e-03 3.089985995477742727e-03 3.197793076338188364e-03
7.290711384733214321e-04 6.709263365403190160e-04 1.756184922399812174e-03 3.873081470773644466e-03 6.510519012195652676e-03 6.227843521892826965e-03 5.113316968740051847e-04 2.473271276254841319e-33 3.946973823821729038e-03 3.732069329063559572e-03 1.288816868749122473e-03 1.231143868379657108e-03 3.726865480402482330e-03 4.358461938460865548e-03 2.378947603496865942e-03 2.441219529774514736e-03 3.043848997668911066e-03 3.085656134611855072e-03 4.923682167303238509e-03 5.040719685331856298e-03
3.974818723885844250e-03 3.802212715518982732e-03 5.271556940922681941e-03 3.401076994994460794e-03 4.937557782742366119e-03 4.512512733489063531e-03 3.707295315442012996e-03 3.006202272719791548e-03 1.477809889501741554e-33 5.444002839829450616e-05 7.251840750563783716e-03 6.774777071609214274e-03 5.418165875401704211e-03 5.412151115867996215e-03 2.025736025377828948e-03 1.502727185546836718e-03 2.519095521891627845e-03 2.216882465337318472e-03 4.586612626491777187e-03 4.230520551489482320e-03
3.865277384603353367e-03 3.593081948067469722e-03 4.548847888999838114e-03 2.821454344223281539e-03 4.046506978464684337e-03 3.504425947904702028e-03 3.466161222405866014e-03 3.016955574782582191e-03 8.846943967697131373e-05 1.424764372965286361e-33 6.323350777774781363e-03 6.306767671573803094e-03 4.925178620732910059e-03 4.704073397791785210e-03 1.538704227826991327e-03 1.142809234433516709e-03 2.443064165596372985e-03 2.186985317747796188e-03 4.215698701959071093e-03 3.589079631286072256e-03
2.405315671610574763e-03 2.425896752987489937e-03 2.623020376287530427e-03 6.731684925698028579e-03 7.391494860854064437e-03 6.864848930784725987e-03 2.368930820594440916e-03 1.397016750459172075e-03 3.341430354412579847e-03 2.834446386752651186e-03 2.070708438416274613e-34 1.627026213141411967e-04 2.741178260013394426e-03 3.005232147390117514e-03 3.046202817396737560e-03 3.782952388678226772e-03 4.736137365107009368e-03 4.497925331130191683e-03 4.124108759536398647e-03 4.518419178064459092e-03
2.435170899495080372e-03 2.440450364989904010e-03 3.178156829614879521e-03 3.157641512924585711e-03 7.729752246538493070e-03 7.264411045981998723e-03 1.816681888057978828e-03 1.775559947617316768e-03 5.730218405557998239e-03 5.425929135048734690e-03 1.326400142033533954e-04 2.492648447818521656e-35 5.320876111410989366e-03 4.559375438718819146e-03 3.911306728696734708e-03 4.889451593628265855e-03 5.873751909929747841e-03 5.798743150837738433e-03 5.454725685624032920e-03 4.923592918730209170e-03
2.258237512091046395e-03 2.357562512666843552e-03 2.265778771504226800e-03 1.699691881938102762e-03 6.376619505901020765e-03 6.130546056078328351e-03 1.524505305253564180e-03 2.943113440477203996e-03 3.511868339749459056e-03 3.381193920626213070e-03 5.561209194444045184e-03 4.785720832354478128e-03 4.095779345862765026e-32 6.566313031643075367e-05 2.690443597104772572e-03 2.024862602331250084e-03 1.986225737957176695e-04 2.540214191899850776e-04 9.747404147652402552e-04 1.155943689411496412e-03
2.570744030554399095e-03 2.598699504640471659e-03 2.639941379929344311e-03 1.490665801118322246e-03 6.155289853548339199e-03 6.096234352594467366e-03 1.867781443717037070e-03 2.974685314264673662e-03 2.878856175907348533e-03 2.913033727120524150e-03 5.371042756482071780e-03 4.692577094585159009e-03 3.141360815448489057e-04 1.566151977791450972e-33 2.545743606015855604e-03 1.975103732946605940e-03 3.193856764579504110e-04 3.223520793027239806e-04 1.000963763261033482e-03 1.133724925972282157e-03
2.788912657273582944e-03 2.189585886280005517e-03 1.584634876382183749e-03 1.794530803087134464e-03 1.162078652888142187e-03 9.303718864099013580e-04 2.388210941607760932e-03 2.852540004524815181e-03 1.434589543099296007e-03 1.361233831835921646e-03 2.073736418878774617e-03 2.248888972589434439e-03 1.673702223229108377e-03 1.715734051708706987e-03 3.291065185404061526e-34 2.328419003291604973e-04 1.410308673501337691e-03 1.435534237662427310e-03 1.069082543927054284e-03 1.260770642131564968e-03
2.411977216114595882e-03 1.937860998137554396e-03 1.594286138690402792e-03 2.075514559467455094e-03 1.413482456063524162e-03 1.180129602539302554e-03 2.223222407247905062e-03 2.321736584387337158e-03 1.497074500204247094e-03 1.449993571948019876e-03 2.345079570319316860e-03 2.324956253149077206e-03 1.591004637214944468e-03 1.601622085233016203e-03 3.125079756524511989e-04 7.173473590878603070e-33 1.299324589538197478e-03 1.349966116073976572e-03 1.159158370605976873e-03 9.844738478736324468e-04
1.815155032495043702e-03 1.923218105948811983e-03 2.965757400310880653e-03 1.679246530931166343e-03 5.966541403161218504e-03 5.740772181464500433e-03 1.426206827579687463e-03 3.062879148860510846e-03 3.532627455165159892e-03 3.375196094959599224e-03 5.599549152431605205e-03 6.002257969579577641e-03 2.315183334897663212e-04 2.740016170423958649e-04 2.389976944638673960e-03 2.046724063680842483e-03 3.423469044489640110e-04 3.992668990048146654e-04 1.133904878968673268e-03 1.321052719016737502e-03
1.903317446756974370e-03 2.022363449560916383e-03 2.793435312878006418e-03 1.618907731798483515e-03 5.971577776637987910e-03 5.730089670676823815e-03 1.401582275160063095e-03 3.143427510556501877e-03 3.394223218020265501e-03 3.120077978253201715e-03 5.338907353819257254e-03 5.817531121367643283e-03 7.636685527372990808e-04 2.987385326075174953e-04 2.413389915982741205e-03 1.774201846976356228e-03 3.692793608301686678e-04 4.428615389276358764e-04 1.154661872333595084e-03 1.376613716351917944e-03
4.027430752517490407e-03 3.561149713096678493e-03 1.600201122044163284e-03 1.200266526082689311e-03 1.751013107564620454e-03 1.721565589229994862e-03 3.292069104890162426e-03 3.504970164533794189e-03 2.352129384699170635e-03 2.128641992228920247e-03 3.329319079758616233e-03 3.514747786525821826e-03 1.100871038587270543e-03 7.686133922642359806e-04 8.398446429154075073e-04 7.708376265582896460e-04 1.463226775576122185e-03 1.459722095249273632e-03 9.332946218014399228e-34 3.659592566273042432e-05
4.133161003276305222e-03 3.494689400911830252e-03 1.484330043203163554e-03 1.128198353175618920e-03 1.470186775472063579e-03 1.528746471015803498e-03 3.479078165616651935e-03 3.486868558773166364e-03 2.533593220094754270e-03 2.268383401829127382e-03 3.381099577635690405e-03 3.912984428987402452e-03 1.319141329841037099e-03 9.042378908850533465e-04 8.330293483608676008e-04 7.501053344331029982e-04 1.667050119011201067e-03 1.618711862682683427e-03 3.926395196522096696e-05 2.524601222170771567e-35
