1.652408911969616609e-33 1.707095763234592605e-04 2.054148901931292671e-03 3.735460194931550411e-03 5.044820819179869978e-03 4.734631012769071820e-03 6.795430894721780479e-04 7.147939815791171667e-04 4.894370304256131024e-03 4.649918324390651773e-03 2.130626126009646775e-03 2.253172185845275267e-03 2.164413921641361333e-03 2.699720228841040372e-03 1.809081717248561469e-03 1.597352298868005014e-03 1.331640857108337250e-03 1.339948802406108015e-03 3.293865830173590015e-03 3.515988691440598193e-03
2.913660849613507685e-04 6.824310787724471359e-34 1.798349458719931916e-03 3.077625627260139295e-03 4.393664465642786732e-03 4.141027298918738102e-03 9.087063939397225414e-04 8.863887605314767692e-04 4.581219698449140627e-03 4.402287079856632979e-03 1.703680128927514449e-03 1.806280380609119260e-03 2.070424197049905869e-03 2.378194072928280743e-03 1.455217908632773375e-03 1.297836899537335156e-03 1.270442001512550817e-03 1.247739979999219024e-03 3.020050974431810233e-03 3.188173294221384544e-03
2.759470283551839539e-03 2.512449788205434447e-03 4.973398134140442153e-34 1.436883717415416047e-03 3.619937020236520947e-03 3.573702329776973306e-03 2.361994905865635180e-03 2.400714972749431759e-03 5.073584364766166831e-03 4.417095693279257142e-03 2.279184138952523603e-03 2.883748666535605569e-03 1.459852743655682371e-03 1.559642164328966206e-03 1.690265520450415443e-03 1.579096214558727874e-03 1.389579177960837417e-03 1.636539792451598488e-03 1.386261653246695846e-03 1.218366577383792710e-03
3.724432045144147711e-03 3.457222925870344615e-03 1.464537331965808705e-03 3.148512562045168665e-03 3.934898605857394677e-03 3.861196916525594901e-03 2.924154223777879029e-03 3.236332944747015179e-03 2.621391233427894461e-03 2.820824338655199791e-03 4.033991527900936298e-03 4.344508769493592507e-03 1.382639413907936097e-03 1.234761942827710887e-03 1.943496787470572976e-03 1.194415696476824017e-03 1.811354768168424315e-03 1.828751301943921676e-03 1.177352812201390344e-03 1.159539919996969677e-03
6.918107719200948524e-03 5.571128196805209126e-03 1.502129857691175945e-03 1.969414374772607539e-03 1.088684724270551389e-34 2.688319992306135504e-05 5.309655175056269757e-03 5.034864248618378495e-03 1.355913629451778717e-03 1.064592239341767815e-03 2.270376265099269958e-03 2.481108503868420610e-03 2.647161896478524533e-03 2.171896175771367930e-03 9.816881514314390947e-04 1.206240617511277272e-03 3.496338297041540113e-03 3.575578936327636782e-03 7.754767927861899810e-04 6.664875880881932727e-04
6.523320058349956797e-03 5.234529226281789231e-03 1.417365800355114289e-03 1.814129093691725213e-03 2.667518118353870706e-05 1.670364248207020890e-34 4.832388037078702916e-03 4.644433660336773004e-03 1.380716462086087207e-03 1.229003192233015527e-03 2.358185971899557417e-03 2.445684995595260799e-03 2.398479292289968940e-03 2.025795004127182910e-03 8.651481098988052709e-04 1.083153874196030996e-03 3.120468421538271243e-03 3.191943793071704265e-03 7.250949338447372364e-04 6.763522254519690156e-04
6.616955432598835979e-04 8.503379607064460912e-04 1.797253962570237017e-03 3.804044668692889170e-03 6.419690482858064762e-03 6.417105617616926556e-03 2.020120039282215586e-33 9.491978185374250546e-04 6.317720166961715914e-03 6.452984561166683584e-03 2.348129873036289977e-03 2.320692713060007375e-03 1.923714557323002831e-03 2.386130518864812856e-03 2.965458684553891246e-03 2.989998440511986485e-03 1.271624367141062839e-03 1.265473433111307701e-03 3.173485021845551170e-03 3.124287017384479604e-03
7.306401563342704644e-04 6.751505132028305049e-04 1.773531178532810129e-03 3.413258424113053448e-03 6.682492931872350932e-03 6.524718069931424030e-03 4.769810169697981449e-04 2.473271276254841319e-33 3.938465943400423254e-03 3.749357317070770718e-03 1.283599019676607200e-03 1.224780451181978463e-03 3.293198051761117746e-03 4.377302968703326337e-03 2.469878605381431620e-03 2.227330595169980162e-03 3.074275200196696905e-03 3.106310305983270553e-03 4.687421779495866067e-03 4.693880388758881091e-03
3.934195687371544806e-03 3.762126709435095057e-03 4.584048172445434957e-03 3.110499124477348644e-03 5.074426727178478827e-03 4.518877019802902510e-03 3.658472544935591729e-03 2.990622961667785840e-03 1.477809889501741554e-33 5.713379344942164063e-05 6.256085426771675062e-03 6.752802245229335559e-03 5.273577140960860818e-03 4.724450124550703782e-03 1.925557803370378518e-03 1.467222072154975802e-03 2.476560490311643329e-03 2.216765222759349910e-03 4.157365874970843714e-03 3.757430153933376434e-03
3.848624625139566990e-03 3.550213547608651113e-03 3.945955725044320711e-03 2.493707247654444216e-03 3.922913520145455447e-03 3.491370291523136944e-03 3.450038153953709913e-03 2.984228090064185938e-03 8.924628530551187390e-05 1.424764372965286361e-33 5.341400976648208974e-03 6.110065678191640461e-03 4.594263952189657323e-03 4.287118884050799932e-03 1.455224771944568785e-03 1.087874504035639574e-03 2.424428455151703393e-03 2.070548646597675756e-03 3.791420114982934839e-03 3.111028604289637484e-03
2.439079707965763517e-03 2.430061678907615309e-03 2.816245915018940598e-03 5.766203257421167842e-03 7.427832888092364069e-03 6.962354329334556613e-03 2.353656292518651640e-03 1.321192656953395442e-03 2.667523236866656700e-03 2.799504646120376354e-03 2.070708438416274613e-34 1.562061186067947567e-04 2.518332390105051857e-03 3.181911059825555041e-03 2.747711514307721748e-03 3.263072770867187031e-03 4.734593918243935363e-03 4.515736257580667094e-03 4.234976659059812472e-03 4.565554002460105350e-03
2.495066890247657054e-03 2.380251216921278577e-03 2.733317131358120426e-03 2.985138508199757044e-03 8.035184603426923783e-03 7.645242510246928053e-03 1.827267592936441740e-03 1.697156550248355789e-03 5.568829568110882956e-03 5.300312635387636334e-03 1.318252693422387715e-04 2.492648447818521656e-35 4.175599932735470782e-03 3.131534516775878220e-03 3.642479035724757036e-03 4.547692331306675551e-03 5.990146487890654972e-03 5.662841211095911639e-03 5.244043076636636588e-03 3.990144768838299605e-03
2.287272698754696815e-03 2.368995477248054485e-03 2.326738276853376232e-03 1.732232753728028124e-03 6.287439981854924323e-03 5.930000099950059889e-03 1.455855672252177576e-03 2.713967698210084656e-03 2.939714229426443944e-03 2.857287678377192983e-03 4.603243256474869038e-03 4.255455885629021509e-03 4.095779345862765026e-32 5.834581283027003560e-05 2.635859623295210095e-03 2.249570844021921579e-03 2.073855739233313388e-04 2.323656169531565876e-04 9.992683001444899790e-04 1.185018267859082493e-03
2.582662164609812218e-03 2.605733749466594956e-03 2.716463144251387869e-03 1.493582278232809648e-03 5.990668510601078120e-03 5.739331209762481983e-03 1.799753599657214148e-03 2.904123641187889016e-03 2.351336903519144362e-03 2.262262325177308384e-03 4.446471275036330967e-03 4.186835170063115362e-03 3.967839062382985953e-04 1.566151977791450972e-33 2.513495245462838996e-03 1.997540586278985768e-03 2.976074793314034250e-04 3.247191341343924555e-04 9.953234895794763493e-04 1.159900277322238908e-03
2.831496729973692356e-03 2.222356781886376375e-03 1.402437554862738089e-03 1.801625249790908935e-03 1.164788979334422520e-03 9.920830596827593263e-04 2.418928133107221302e-03 2.900599940910936203e-03 1.411481020373824176e-03 1.318986785815769733e-03 1.986497449295335140e-03 1.887333846896295216e-03 1.479517921904951539e-03 1.371466305513684451e-03 3.291065185404061526e-34 2.882769434626464571e-04 1.402512445447452434e-03 1.478050533109331920e-03 1.355693139366232793e-03 1.425697355759936993e-03
2.410674990369821111e-03 1.933827836376987358e-03 1.467595184399906076e-03 2.056776563923685703e-03 1.502640878203135395e-03 1.293007218104979704e-03 2.214114060022877827e-03 2.296032266459733118e-03 1.391494795400214724e-03 1.358374320290505139e-03 1.945569897318518825e-03 2.009679216709281922e-03 1.535842928197675124e-03 1.285934039134556785e-03 3.342147461606869438e-04 7.173473590878603070e-33 1.278863193886401383e-03 1.372326202106090862e-03 1.039180771449127894e-03 9.081480393331585899e-04
1.810344255602270008e-03 1.924489256867717131e-03 3.040433196015295512e-03 1.692712163069610845e-03 5.981110989417576934e-03 5.720123778084242570e-03 1.394191006226437688e-03 3.079238606444263497e-03 3.177850231125677050e-03 2.936023850026428430e-03 5.175182897638751917e-03 5.220937240799351960e-03 2.318915159634287403e-04 2.750002554468056518e-04 2.445863925554930384e-03 2.034457471199412754e-03 3.370438235618347547e-04 3.999372105476687125e-04 1.164418750161942077e-03 1.346773384312989529e-03
1.902538851507915452e-03 2.023758584989697375e-03 2.803192873776169831e-03 1.634950560002988674e-03 5.969658085177615044e-03 5.738340609031017218e-03 1.389646892653790535e-03 3.124456451583648361e-03 2.967362071982741246e-03 2.778226668163754753e-03 5.113060139230823052e-03 4.808869735593892560e-03 7.856349114937197014e-04 3.013669675260063213e-04 2.440519800995883705e-03 2.042057569800821877e-03 3.686480409258634586e-04 4.432597852280151436e-04 1.170275809166669350e-03 1.392393831807277587e-03
4.024570569577055543e-03 3.548500177816590884e-03 1.669982115568855894e-03 1.173627759221809990e-03 1.676203245919725580e-03 1.650142082266209745e-03 3.033787112679124306e-03 3.301595453687355096e-03 1.612297632583786300e-03 1.535056616162929627e-03 2.929041808405959211e-03 2.758814529898088574e-03 1.102070052065843740e-03 7.639328951864886742e-04 7.905058776384073097e-04 7.226563591430229527e-04 1.531469876193703675e-03 1.512611361261927351e-03 9.332946218014399228e-34 3.711405378261932632e-05
4.165274865341329034e-03 3.515762680868247600e-03 1.583677124414671188e-03 1.102506957697777044e-03 1.439768214647696659e-03 1.404290326692001455e-03 3.377162968564698456e-03 3.410237124255895928e-03 2.019543283722868929e-03 1.754460788440292442e-03 2.940231717764180738e-03 3.214802940452964747e-03 1.270496049136930717e-03 9.024114451255659539e-04 7.528407180796416014e-04 7.516030074509737506e-04 1.666918825738068505e-03 1.746221729755217033e-03 3.956813846354011746e-05 2.524601222170771567e-35
