0.000000000000000000e+00 8.040482288142260237e-02 2.296139694252677388e-01 2.452154255786131165e-01 3.038862969067542275e-01 2.780468017196455199e-01 1.758766452423641269e-01 1.882658944561750869e-01 2.107434302727229647e-01 2.153058953332320502e-01 2.051570926339111312e-01 2.030243225219314496e-01 1.941800391609344312e-01 2.020760506337001272e-01 2.137626699465271785e-01 2.180816368763209001e-01 2.040486167011847374e-01 1.707909218381208349e-01 2.507756541342705536e-01 2.339971579908686761e-01
9.298240507467687987e-02 0.000000000000000000e+00 2.431284654888840047e-01 2.433993379895316445e-01 3.060077190057519658e-01 2.736471755249625382e-01 1.859426554650101260e-01 1.915846197714610732e-01 2.198303230015430376e-01 2.276962398823807743e-01 2.217755051524336884e-01 2.016435683428508541e-01 1.888896527964332162e-01 2.066448644673113677e-01 2.288642163084714798e-01 2.217498960486589121e-01 1.741101656250993446e-01 1.603618353192669543e-01 2.400995396975698914e-01 2.268321572872509517e-01
2.437446251708395295e-01 2.376264268572932659e-01 2.163183239421529180e-01 1.679673455465168774e-01 2.808236496046022102e-01 2.502956946239517921e-01 2.024728668647896856e-01 2.297516389245759794e-01 2.200101164843152879e-01 2.262363388901835748e-01 2.335946147064690281e-01 2.163504994003057347e-01 1.999728015659311686e-01 2.220768275552451598e-01 2.098106268988866319e-01 2.405591869350931777e-01 2.221459501478213472e-01 2.238673099637061015e-01 2.465162251261120152e-01 2.745891993942716214e-01
2.372817737393418669e-01 2.274484218337421981e-01 2.683051119837934206e-01 1.915356515006222671e-01 2.970373981219057158e-01 2.812598535674009081e-01 2.257714919162696066e-01 2.031123957526684010e-01 2.124571906366056750e-01 2.220947656475883436e-01 1.821139436231208608e-01 1.907920661614822266e-01 1.949055255793697705e-01 2.031620333902360021e-01 2.624497056698157360e-01 2.688107612964043547e-01 1.866897092113646295e-01 1.881956196412145343e-01 2.354821598700192198e-01 2.935013111075002179e-01
3.011580215982925801e-01 2.945081852388800048e-01 2.884639366876041722e-01 2.827097853798995475e-01 2.724995030194693468e-01 1.871902752701622985e-01 2.989557028172859510e-01 3.033616008000231679e-01 3.028363357248686216e-01 2.990848631954705072e-01 3.186109776424029816e-01 3.218739546875256652e-01 2.926037903989889832e-01 2.998776443563414551e-01 2.538721952443050989e-01 2.787038939702303764e-01 2.945733384757978079e-01 3.000984474866203455e-01 2.684836808332712321e-01 2.946518952427595317e-01
3.009013251000654532e-01 2.867453714691843847e-01 2.821808879098112177e-01 2.878798283424147675e-01 2.473573548740324035e-01 6.707879276254074028e-09 2.977291962749118448e-01 3.063260154758452591e-01 3.033815096061560079e-01 2.950461107322978616e-01 3.041195020550822581e-01 3.124375533082650036e-01 3.019462604398606698e-01 2.790199671694316153e-01 2.560211051405271165e-01 2.534228442977191076e-01 3.030991707892231046e-01 2.843465443356573141e-01 2.502085340832369553e-01 2.636852246308647452e-01
1.785001882345173263e-01 1.879008243640027387e-01 2.046059310012474375e-01 1.910688542490818487e-01 2.944936007676647316e-01 2.895684290368664704e-01 0.000000000000000000e+00 1.471169340807363390e-01 2.013218460467667559e-01 2.119602575168700875e-01 1.744954364328144270e-01 1.900931203129376523e-01 1.668290030804899515e-01 1.765478229156192680e-01 2.267814720571069143e-01 2.143619114050958341e-01 2.033776155015447618e-01 2.034485414908666356e-01 2.585927157948329502e-01 2.740946867599313164e-01
1.673554613597034169e-01 1.911698297593908968e-01 2.238738363145646171e-01 2.187719285517964740e-01 2.945103960103578333e-01 2.572430382251366665e-01 1.753831012022862290e-01 0.000000000000000000e+00 1.579379721505640988e-01 1.775151082265259972e-01 1.603289038918422338e-01 1.752820933572250550e-01 1.941031181455678822e-01 2.049173598376348160e-01 2.365315033234285935e-01 2.433496487410767850e-01 2.105433358844587544e-01 2.110589896054482217e-01 2.539910791179458838e-01 2.480258038319667901e-01
2.324327518200786091e-01 2.427370968430142550e-01 2.162607650283187299e-01 2.042483640182478632e-01 2.660989539037463270e-01 2.653339880408125406e-01 2.240231200654707600e-01 2.003089617703734393e-01 8.044431356971619429e-02 1.042520358970168010e-01 1.611609160286620601e-01 1.649387071377240999e-01 1.470109739646789648e-01 1.614509245026253259e-01 2.369679445137781171e-01 2.516403844983201576e-01 1.920985876935991377e-01 1.941353195385680797e-01 2.337284325211577973e-01 2.202484971727216023e-01
2.251405687092175589e-01 2.461617407586799700e-01 2.103143351210257639e-01 2.126554038459216034e-01 2.712625738347841930e-01 2.706872550657882792e-01 2.068851924269319020e-01 2.088235223840386456e-01 1.068429129511504483e-01 1.268103463643455442e-01 1.752650929614835706e-01 1.879001478673965053e-01 1.917318207458665047e-01 2.047282811101377997e-01 2.393997090292630248e-01 2.431138812812952410e-01 2.076727488535455024e-01 2.045089634670899104e-01 2.209514495458966554e-01 2.217049269202691353e-01
2.009306075779536960e-01 2.029797566247986129e-01 2.287194046182537688e-01 2.504499942317650607e-01 2.862287782145802595e-01 2.862706278812783833e-01 1.803516256122071615e-01 1.571946845041176377e-01 1.523005961717630585e-01 1.562805603422942058e-01 6.707879276254074028e-09 1.484697087549696481e-01 1.979269517757906161e-01 1.949766281452044170e-01 2.534193641900821525e-01 2.441067521398774531e-01 2.347022071533578780e-01 2.321638239658826985e-01 2.541437253774550542e-01 2.554506796196665541e-01
1.889914412943791699e-01 1.910958905431201227e-01 2.246765623948681068e-01 2.294423429348713961e-01 2.752247938309947406e-01 2.984588200539469161e-01 1.779171185606630845e-01 1.599736401310705713e-01 1.823787152091908004e-01 1.816506122319272443e-01 1.078820312087391681e-01 8.215440741506100994e-09 1.960287868838086200e-01 1.651316522957901045e-01 2.525481876214749066e-01 2.406370124047547687e-01 2.337355032626461104e-01 2.206621477576590495e-01 2.521057107285176735e-01 2.536938272063141153e-01
1.889110415895573769e-01 1.890557220654344450e-01 1.881433765290355664e-01 1.904941961617847013e-01 2.820296828981450066e-01 2.940468382032973005e-01 1.744334109762650520e-01 1.843213834107889082e-01 1.775445384584421471e-01 1.676192440523506522e-01 2.022831379301807952e-01 1.756499973317982577e-01 0.000000000000000000e+00 7.671341620850692655e-02 2.218872825135929927e-01 2.231209811806210419e-01 1.488281094121013393e-01 1.580887186806610445e-01 2.046866242887008247e-01 2.238014845112796525e-01
2.041444603985964612e-01 1.917868104306327259e-01 1.924234288406355964e-01 1.790567421667122461e-01 2.781734318783423698e-01 2.834388681377076891e-01 1.718509070572528941e-01 1.951396234313608480e-01 1.505462334325158857e-01 1.726361038939722148e-01 2.099307600461580436e-01 1.598584743123684371e-01 5.405559185561480129e-02 0.000000000000000000e+00 2.178625480763771993e-01 2.306726292738597861e-01 1.425862488163569530e-01 1.663965465324023507e-01 2.043123369617887986e-01 2.181449299727136470e-01
2.457813809509716285e-01 2.404040367142094570e-01 2.473443759355750393e-01 2.837433903937692792e-01 2.826710428308943368e-01 2.682412972839516296e-01 2.573845572942066728e-01 2.530919520513050802e-01 2.510760666911892591e-01 2.545595037097398428e-01 2.523826084147245963e-01 2.606837138256391517e-01 2.491029290855017453e-01 2.461310209536271831e-01 9.486373847239932156e-09 1.685145579006787075e-01 2.365771862953802152e-01 2.435898216132212912e-01 2.518235180006558882e-01 2.509886550864427468e-01
2.211913311149596439e-01 2.158703775631738708e-01 2.486850586599289870e-01 2.642024183622078692e-01 2.818355504971716829e-01 2.496024153382740141e-01 2.424630565296354012e-01 2.430191313584563750e-01 2.486315269517920257e-01 2.341323055105694051e-01 2.456811577839131122e-01 2.364099117870508693e-01 2.340202372661372709e-01 2.247262126605605592e-01 1.472737375128352344e-01 0.000000000000000000e+00 2.252230411651846287e-01 2.307048057195665858e-01 2.594602755813944506e-01 2.713895876815567987e-01
1.895177877509313380e-01 1.812497475088651888e-01 2.152201470709242948e-01 1.842281144704313312e-01 2.902392087850765856e-01 2.852188252938198665e-01 1.733279935167417463e-01 1.935791351349639144e-01 1.935760804057401752e-01 1.959639634924020823e-01 2.271302661238204512e-01 1.767166183365872778e-01 1.361831933092459146e-01 1.361239908878678351e-01 2.114578761833432463e-01 2.044418114684936894e-01 0.000000000000000000e+00 1.510493776615336736e-01 2.032733090608105364e-01 2.076049203599384108e-01
1.661048146904480494e-01 1.911307993545163786e-01 2.029329296981358388e-01 1.896189461801336129e-01 2.992555726137174354e-01 2.724520830966735141e-01 1.652097510315011508e-01 1.985976242980152795e-01 1.973143667394098300e-01 2.001983327426056503e-01 2.390742021492202607e-01 1.709978382252692608e-01 1.502372525253016788e-01 1.473605677289537563e-01 2.187551921653428932e-01 2.005051555276322617e-01 1.178290042697733714e-01 4.743186923619966078e-09 2.080686876846266076e-01 2.087596861410132010e-01
2.517427421340617255e-01 2.270179750454379142e-01 2.576138901397109771e-01 2.579825551189700583e-01 2.431687504740218941e-01 2.710329862930824230e-01 2.413869384652862216e-01 2.454418352235118173e-01 2.239277790893621223e-01 2.317208436968186680e-01 2.635285036636386136e-01 2.593164442419036431e-01 2.239928564920489751e-01 2.194330961292698390e-01 2.083774750149700039e-01 2.476240542000620048e-01 2.176735325768773543e-01 2.209336907111880410e-01 0.000000000000000000e+00 2.088587014220056604e-01
2.559693293090749555e-01 2.343636194829403219e-01 2.445690127463033270e-01 2.383812716237065088e-01 2.836902464154704151e-01 2.624549666874684273e-01 2.532835827285987995e-01 2.467999784459515844e-01 2.364869232873467730e-01 2.474417421571810938e-01 2.650969888676266151e-01 2.453305769136066572e-01 2.280932825056395108e-01 2.244560120037863149e-01 2.280525986482922207e-01 1.857747521183985007e-01 2.350353780675492332e-01 2.389770999932827877e-01 2.412240139085885249e-01 4.743186923619966078e-09
